9.558248519897460938e-02 1.521313190460205078e-01
1.656420230865478516e-01 1.521294116973876953e-01
8.807539939880371094e-02 1.536316871643066406e-01
9.608125686645507812e-02 1.536321640014648438e-01
8.957695960998535156e-02 1.521308422088623047e-01
1.090939044952392578e-01 1.516296863555908203e-01
9.207820892333984375e-02 1.516313552856445312e-01
7.906913757324218750e-02 1.521315574645996094e-01
8.207035064697265625e-02 1.526317596435546875e-01
7.706570625305175781e-02 1.536321640014648438e-01
