3.862268446001849931e+00 4.690536981688909535e+00
4.886411789922884275e+00 7.044742894783370346e+00
3.599193835316620405e+00 4.079608241443052563e+00
3.851356617133371518e+00 4.681407702757392819e+00
4.151324983952403791e+00 5.888742286386593250e+00
4.025025746181154496e+00 5.270492805228612632e+00
3.915328758907471229e+00 4.852073905587420910e+00
3.933101102645801372e+00 4.666076461304414558e+00
3.826226306300668956e+00 4.814895764758913010e+00
3.491089101851069909e+00 3.601214068125916157e+00
