1.404294897436831058e-01 1.404295506960474005e-01
1.410109771162357251e-01 1.410110234022912135e-01
1.401290102566193352e-01 1.401290509908867943e-01
1.419769772648363515e-01 1.419770226087783693e-01
1.420630811274224969e-01 1.420631276280175936e-01
1.409725971516273824e-01 1.409726484104834587e-01
1.401341952412360203e-01 1.401342416792194789e-01
1.406702456743197105e-01 1.406702876700157423e-01
1.393330997733141507e-01 1.393331533924444254e-01
1.355390177056949030e-01 1.355390606061113723e-01
