1.012509773058798204e-02 9.327214288546598411e-03
1.284282084987517676e-02 1.288900606386738507e-02
9.379453307204504292e-03 8.095729697183940213e-03
1.005527508953877984e-02 9.542144081690051224e-03
1.083299022201085829e-02 1.187002276270062752e-02
1.050582862587629528e-02 9.220387313827646189e-03
1.026374704845886381e-02 1.031443147463445911e-02
1.025401951824349983e-02 9.217164007523499097e-03
1.000371914327414374e-02 9.618088763102491251e-03
9.094506844822962052e-03 6.460337756714059493e-03
