1.925320863925344961e-02 6.616442900386425296e-03
2.420175928908931823e-02 3.165098582351406897e-02
2.393152979793360807e-02 9.062648906098251522e-03
2.452210947747900799e-02 2.981228306618214502e-02
2.425477815792131606e-02 2.257808954759869813e-02
2.124163975973990259e-02 4.278468598633104747e-02
2.159033319845817325e-02 1.012034008578377442e-02
2.369281979750773731e-02 9.257126451861779834e-03
1.910514922963939266e-02 2.997831735877068415e-02
2.491114873585757034e-02 8.239060817876789344e-02
