1.715017943174332316e-01 1.236954098088286214e-01
2.861169474634486232e-01 2.189963568030312557e-01
2.828679017183690636e-01 1.843723205325595305e-01
3.273552263878383162e-01 2.399327515454218740e-01
3.231349483724660909e-01 2.413520328118821667e-01
3.191875970228079673e-01 2.284140177725003107e-01
1.579781556460123360e-01 1.039691926766658781e-01
2.907482987686024756e-01 2.351256620559526445e-01
1.703012675659431041e-01 1.421633071106642721e-01
2.785650106901821355e-01 2.183524593831679961e-01
