2.588253250913514769e+00 2.813720824999575765e+00
3.918761505628221897e+00 3.912378585817429144e+00
3.360890801080601786e+00 3.369374453672514313e+00
3.921440291788972132e+00 3.982721150801797005e+00
4.066548035826490270e+00 3.961132911212044139e+00
3.570183284071845264e+00 3.777418902108990562e+00
2.693861314632433057e+00 2.930953568615924265e+00
4.046548252621076536e+00 3.852307684014434574e+00
2.972573941636615036e+00 3.238796086501974258e+00
3.750285234000255485e+00 4.049993250127324806e+00
