4.558916091918945312e-01 2.459609746932983398e+00
4.643974304199218750e-01 1.997714519500732422e+00
4.008469581604003906e-01 2.917503356933593750e+00
4.503860473632812500e-01 1.788533926010131836e+00
5.304560661315917969e-01 1.926152467727661133e+00
5.504717826843261719e-01 1.752503633499145508e+00
6.795828342437744141e-01 1.993710279464721680e+00
5.494709014892578125e-01 2.402061223983764648e+00
5.569775104522705078e-01 1.697956562042236328e+00
4.844164848327636719e-01 1.704962968826293945e+00
