6.851342411288158241e-02 -5.331181536195268578e-01 4.009567272458309239e-01
8.593932505044662995e-02 -5.311061985868609225e-01 3.991086119538718724e-01
1.039603195416498455e-01 -5.285094101432792346e-01 3.972973307822026401e-01
1.215739159328318442e-01 -5.255881078346835711e-01 3.952002637589168699e-01
1.390031579739346435e-01 -5.224390627407644594e-01 3.922743583869615080e-01
1.561995579614883223e-01 -5.192775434970264836e-01 3.889211481013058469e-01
1.719443717592348819e-01 -5.164039316288708825e-01 3.835997119211267958e-01
1.900108102224086493e-01 -5.133830598776998322e-01 3.746616821786669660e-01
2.100651906253026557e-01 -5.105219476433821013e-01 3.610914091122950920e-01
2.261951682225672444e-01 -5.084710734246539188e-01 3.474653854177230383e-01
2.371379613534434494e-01 -5.071055859705596580e-01 3.340791553914281842e-01
2.489090705139802018e-01 -5.053362356602730809e-01 3.149155556777398779e-01
2.587439522559077387e-01 -5.034030396484823200e-01 2.969047112608647065e-01
2.670483688065649064e-01 -5.000472600988166150e-01 2.781745633990235778e-01
2.750587392190262936e-01 -4.963261965435454837e-01 2.596240545831741131e-01
2.829592429380167751e-01 -4.922020547857609563e-01 2.413672732328558945e-01
2.909249385392841392e-01 -4.875699463625646213e-01 2.233701204956911601e-01
2.989623504099773732e-01 -4.825869075089873617e-01 2.060541005591577934e-01
3.072991982346281459e-01 -4.771994960297419874e-01 1.892469367440429151e-01
3.157262286628326198e-01 -4.714331703797348672e-01 1.731891810934723941e-01
3.237811389210507595e-01 -4.653032154511885232e-01 1.571400205211097578e-01
3.292301485928216809e-01 -4.594662616100047003e-01 1.407974866060205388e-01
3.275162248736274151e-01 -4.544835916002845089e-01 1.251292541150133830e-01
3.179049638620944362e-01 -4.482104533937186219e-01 1.140747448789288521e-01
3.087101141510744107e-01 -4.517005828447097082e-01 1.284353150082449269e-01
2.987350973051655645e-01 -4.563145913925791275e-01 1.443192514251972480e-01
2.876148139716776519e-01 -4.610707242998853816e-01 1.599030306273253044e-01
2.753067991240898404e-01 -4.656839959634052617e-01 1.748116030998189130e-01
2.618488928926505643e-01 -4.700702654997943597e-01 1.890389297748396591e-01
2.475520967330998856e-01 -4.741551325335630063e-01 2.024089774884766380e-01
2.324326216565215375e-01 -4.779805149828277311e-01 2.149375727895323496e-01
2.164978108753448094e-01 -4.816606153968976956e-01 2.267080750451007376e-01
1.997420724913310797e-01 -4.852677692136647680e-01 2.372306448609477481e-01
1.820936600403434968e-01 -4.890043109178832670e-01 2.460316480778184378e-01
1.636817300553722876e-01 -4.930566501553279579e-01 2.531156797551885607e-01
1.447126854124537454e-01 -4.975816012658800247e-01 2.580680549386125122e-01
1.254782000999690172e-01 -5.025122582396005511e-01 2.610807780753651164e-01
1.059524750485237865e-01 -5.078426731807987871e-01 2.621639738140211229e-01
8.647019236125386143e-02 -5.132821136524166050e-01 2.617410542182938560e-01
6.664988451896769472e-02 -5.185713263395732575e-01 2.601300604001258732e-01
4.693503525316816694e-02 -5.231582700975505595e-01 2.581634972644528125e-01
2.737091754856751935e-02 -5.267996057051943515e-01 2.562981664840902618e-01
7.631781505797574638e-03 -5.293030146471559005e-01 2.546849026691096474e-01
-1.238654570818431555e-02 -5.309003516258883337e-01 2.532116315732531597e-01
-3.280028015572655775e-02 -5.319196306090027138e-01 2.517698306911818062e-01
-5.316618741063396797e-02 -5.325562960317141714e-01 2.503195744252148525e-01
-7.342972475973015556e-02 -5.330127317166764023e-01 2.488513184201730510e-01
-9.360651264311237174e-02 -5.334135231135698207e-01 2.473941598108397866e-01
-1.139464280684386599e-01 -5.337353902644023096e-01 2.459912070925515670e-01
-1.343943279116481260e-01 -5.337522800104835818e-01 2.446211754154112850e-01
-1.548106984115994178e-01 -5.332702387839478586e-01 2.431700832506196175e-01
-1.751713146396745024e-01 -5.323002018412392733e-01 2.414346120783030236e-01
-1.953781220354450510e-01 -5.310290736556004809e-01 2.391812775521532652e-01
-2.153327409922237701e-01 -5.296049023024640423e-01 2.358508177125964722e-01
-2.350374889731640660e-01 -5.282135511249104187e-01 2.312011910378356239e-01
-2.541903015764621632e-01 -5.269214752518779354e-01 2.246714454483104695e-01
-2.725302967484140026e-01 -5.255840057406320209e-01 2.161153316544972836e-01
-2.895985192338117464e-01 -5.239114724571052317e-01 2.049866765423035142e-01
-3.048208506368882409e-01 -5.217305629451772786e-01 1.914774504518400033e-01
-3.181563240464050923e-01 -5.192306140953824034e-01 1.769104356450951765e-01
-3.300456819314240842e-01 -5.164097240018808987e-01 1.615538647351921209e-01
-3.412185847104636793e-01 -5.132925340441077955e-01 1.456963211462284635e-01
-3.519300799675232350e-01 -5.099882241881944500e-01 1.298702033827317526e-01
-3.622131410657975503e-01 -5.065816264913559630e-01 1.143842262728663184e-01
-3.722052802715451469e-01 -5.029701269610532544e-01 9.866748185928833625e-02
-3.806489453810564805e-01 -4.990502120333758507e-01 8.268571878385100327e-02
-3.856956191849508775e-01 -4.948953598137303400e-01 6.581469285611672715e-02
-3.861659471324986326e-01 -4.927702259808489638e-01 4.994283429998026824e-02
-3.795858642683939133e-01 -5.016995758433435704e-01 6.189912812149441640e-02
-3.719781150498410738e-01 -5.109022311447657394e-01 7.612012167558010467e-02
-3.636201712488908999e-01 -5.196259483648738575e-01 9.042344859068646157e-02
-3.542824029512016693e-01 -5.280615928286997995e-01 1.048164544285920957e-01
-3.438692173172845923e-01 -5.362109084124692115e-01 1.189155195929364195e-01
-3.325149388824579222e-01 -5.440693772188669453e-01 1.324756235286916328e-01
-3.202985459116340361e-01 -5.516103293048821854e-01 1.454503337750039371e-01
-3.073657584998406023e-01 -5.588273598420842037e-01 1.579220562698289143e-01
-2.938234884234902644e-01 -5.656112244572997216e-01 1.698774618277357207e-01
-2.796826686713932975e-01 -5.719517632455544121e-01 1.814948475967581576e-01
-2.650514413790803214e-01 -5.776117306294945575e-01 1.926672097419375174e-01
-2.500319316798433888e-01 -5.824313949359276599e-01 2.033781806983231966e-01
-2.344985930062189194e-01 -5.864024467714050726e-01 2.137367148212577228e-01
-2.184544893282427402e-01 -5.890686251931891437e-01 2.235657344857949758e-01
-2.022723190113746572e-01 -5.907921249345291503e-01 2.330399017304123077e-01
-1.859155397434260337e-01 -5.917478961072578647e-01 2.424507979477921182e-01
-1.696394508908304344e-01 -5.921394290099207813e-01 2.518666910708525775e-01
-1.536285761706935316e-01 -5.918455083709671660e-01 2.613504621860786581e-01
-1.377605956024353928e-01 -5.910162497843394203e-01 2.709506157598673415e-01
-1.219009059463210531e-01 -5.896113868553650716e-01 2.806984691920997310e-01
-1.061724303854236773e-01 -5.875147051865395875e-01 2.904096600466470335e-01
-9.074190586326519314e-02 -5.845712641485377725e-01 2.997822694996539195e-01
-7.533394711484858730e-02 -5.808381709486094557e-01 3.089778447786822868e-01
-6.027719477041948437e-02 -5.761478374636077593e-01 3.179576291162576895e-01
-4.584166968869191061e-02 -5.707177528721665283e-01 3.270627882106336703e-01
-3.220348587199339807e-02 -5.647253278505135476e-01 3.368888515544390394e-01
-1.920283495182975586e-02 -5.585454729854257838e-01 3.477240686522559132e-01
-6.761056439825316455e-03 -5.526389894785245227e-01 3.590432184148634742e-01
5.619722899009853279e-03 -5.470172534429421640e-01 3.703899699486105646e-01
1.814973715000658613e-02 -5.417607131557431455e-01 3.811971465244903268e-01
3.129379298579457180e-02 -5.368144468500346544e-01 3.911555585884894382e-01
4.490534658515296651e-02 -5.323305406093848946e-01 3.997876954698866836e-01
