8.700733894689959003e-02 -5.303951057594905594e-01 3.974513821441921224e-01
1.036753821385078544e-01 -5.278004667600009192e-01 3.940369538292224361e-01
1.202504270132507824e-01 -5.251103464201345439e-01 3.902274471492642172e-01
1.366474921216901950e-01 -5.223466145318481635e-01 3.857642752944435149e-01
1.528903379399156881e-01 -5.195825019673445677e-01 3.809070323175542949e-01
1.681107811385973982e-01 -5.169264680241866250e-01 3.737000863171470177e-01
1.828806009079919359e-01 -5.143434989078918829e-01 3.646633646665294881e-01
1.971641049204814755e-01 -5.118573259760652583e-01 3.542518985416709398e-01
2.111427380519228514e-01 -5.094061661069725355e-01 3.434149380672535390e-01
2.237309641678447147e-01 -5.070230800216934952e-01 3.313073068000319532e-01
2.342925456287302255e-01 -5.045195123770054302e-01 3.171701541026735183e-01
2.444006673384888084e-01 -5.019353535886750262e-01 3.026755362673880789e-01
2.529138489926793243e-01 -4.988564902368210485e-01 2.874819806211599826e-01
2.593620380480706200e-01 -4.945211466613897988e-01 2.703487787068482584e-01
2.654912614670263404e-01 -4.899768439685840971e-01 2.530404385118786292e-01
2.720306005895371526e-01 -4.853712658256249535e-01 2.359584212760207633e-01
2.789993272843672711e-01 -4.806900805877478700e-01 2.190660534448189700e-01
2.861960697810786991e-01 -4.758956232773072781e-01 2.023372452448142789e-01
2.934324541596369240e-01 -4.709580171586416619e-01 1.856917526702511756e-01
3.003987845443690796e-01 -4.658034860301640268e-01 1.690456760816852477e-01
3.069539103640293032e-01 -4.604590490330633390e-01 1.522983737561843798e-01
3.123181264453708250e-01 -4.549099418789112614e-01 1.353128676636610184e-01
3.148434355130462214e-01 -4.490382589545838798e-01 1.182032915167721410e-01
3.139716576483680410e-01 -4.433479000050134511e-01 1.031041807161702795e-01
2.998582498377260208e-01 -4.467692399393143887e-01 1.111000833537574284e-01
2.846336015687015997e-01 -4.509552356201176893e-01 1.210341245261620235e-01
2.693156977450651413e-01 -4.552054013750748696e-01 1.311308146781874906e-01
2.539899677244603637e-01 -4.594609522733393847e-01 1.412411540508334284e-01
2.386635788948631709e-01 -4.637169548171118927e-01 1.513526350913044494e-01
2.233371105543800195e-01 -4.679729919636540503e-01 1.614641669250439782e-01
2.080103468922788745e-01 -4.722289926978792129e-01 1.715751666101728024e-01
1.926801188816597565e-01 -4.764845218815328964e-01 1.816797297187144888e-01
1.773086140104442321e-01 -4.807344288707091629e-01 1.917075860568236423e-01
1.614452511606240814e-01 -4.849173410767596559e-01 2.008213977263309802e-01
1.449185231006954178e-01 -4.890401622534326087e-01 2.086886119690173069e-01
1.277990224952098575e-01 -4.931039506828143182e-01 2.151921068046691032e-01
1.102694340128503592e-01 -4.970992254890883588e-01 2.205395846027438655e-01
9.239211572478184253e-02 -5.009858901625677818e-01 2.247480275630586166e-01
7.426352622142612381e-02 -5.046719449000731661e-01 2.278534621640941338e-01
5.590242650802929036e-02 -5.080758722619640455e-01 2.299839618208175951e-01
3.740788051093082989e-02 -5.111388124900290153e-01 2.313906830409327986e-01
1.882244474835625958e-02 -5.137760003636822059e-01 2.321406750795034779e-01
1.570655373576701486e-04 -5.159394819972107360e-01 2.322552693845920113e-01
-1.855127379577717339e-02 -5.176912258769814645e-01 2.318388653280097356e-01
-3.727637768788416572e-02 -5.191911360110028628e-01 2.310896406469911679e-01
-5.599916781649710851e-02 -5.204485310038970969e-01 2.299961426224319538e-01
-7.470818389405770032e-02 -5.214884905844427987e-01 2.285615376151505229e-01
-9.339512454120682539e-02 -5.222876537103768868e-01 2.267144209199443428e-01
-1.120564999812038165e-01 -5.228133222188739992e-01 2.243795953532377874e-01
-1.306600390950641288e-01 -5.230554568354620626e-01 2.215365119271992811e-01
-1.491672190923367669e-01 -5.230101978640822047e-01 2.181518728781120242e-01
-1.675470623241622214e-01 -5.226960240051432560e-01 2.141837717253057827e-01
-1.857615702681474079e-01 -5.221538026567269508e-01 2.095942944785836315e-01
-2.036723126869456335e-01 -5.213324017554339385e-01 2.040276209283553299e-01
-2.212594514773813248e-01 -5.203063730908825679e-01 1.975534509376344061e-01
-2.384235501541651925e-01 -5.190861625916176614e-01 1.900667248331028014e-01
-2.550592826705530003e-01 -5.176654830188416323e-01 1.815436942509923435e-01
-2.710056674383705122e-01 -5.159951085495353418e-01 1.718725518926403073e-01
-2.861891554123467962e-01 -5.140547249047218159e-01 1.610767376232709047e-01
-3.005690695648745026e-01 -5.118624283148204279e-01 1.493283942640585560e-01
-3.142063651603747565e-01 -5.094355019731207079e-01 1.367787285994073176e-01
-3.273421591824277055e-01 -5.068372547755370938e-01 1.236961250464868184e-01
-3.399567217893754711e-01 -5.040643351623657065e-01 1.101156711451906078e-01
-3.518638034500971012e-01 -5.010809466648511457e-01 9.595536204614289744e-02
-3.630607242921219391e-01 -4.979130929336791911e-01 8.129111480132840406e-02
-3.731193681966282760e-01 -4.945060889410431426e-01 6.596905383158105374e-02
-3.815455274332958946e-01 -4.910130495848943899e-01 5.008151905109575058e-02
-3.876207968029571904e-01 -4.880804709034316513e-01 3.580799176502615783e-02
-3.792033321697368953e-01 -4.942104361089022513e-01 4.706831533171761117e-02
-3.695164799576967085e-01 -5.010948250689624128e-01 6.047155155515961805e-02
-3.594176332900640425e-01 -5.078951767743516976e-01 7.389743988117104811e-02
-3.489319816223673820e-01 -5.144827845852895098e-01 8.712664518129162317e-02
-3.380288913548114005e-01 -5.208273004442900422e-01 1.001349194645582280e-01
-3.266643700957281293e-01 -5.268990980755667852e-01 1.128948941828153696e-01
-3.148954420758535155e-01 -5.326997098401872188e-01 1.254073135973358122e-01
-3.027417278522104849e-01 -5.382215532528911162e-01 1.376908161295492261e-01
-2.902473024780769517e-01 -5.434626957773994738e-01 1.497689843812750887e-01
-2.774091157268333552e-01 -5.483659059208875197e-01 1.616284820515001830e-01
-2.642791700524778631e-01 -5.529425756808353798e-01 1.733094113259855962e-01
-2.508318939184592811e-01 -5.570998899118368985e-01 1.847912209917317305e-01
-2.370759840875612534e-01 -5.607637671798268997e-01 1.960644407858039839e-01
-2.230383880857003676e-01 -5.639047456069276043e-01 2.071422136160833150e-01
-2.086377466517361778e-01 -5.662373091929600033e-01 2.179534221013967044e-01
-1.940368533804353035e-01 -5.679776075862124074e-01 2.285909358743807296e-01
-1.792857648961097006e-01 -5.692137874839247047e-01 2.391241069400741326e-01
-1.644553932026698584e-01 -5.700058616081313811e-01 2.495836664793291138e-01
-1.495728429412739591e-01 -5.702448530738852828e-01 2.599737610764574214e-01
-1.346818666315531265e-01 -5.700317323054885366e-01 2.703131601043460286e-01
-1.197889826593349222e-01 -5.694119094669725101e-01 2.806202366220085787e-01
-1.049045106771946817e-01 -5.682809643365357433e-01 2.908935686671565435e-01
-9.006496205485049755e-02 -5.665383094603071434e-01 3.011167181892090983e-01
-7.526435437668461959e-02 -5.643455677386872704e-01 3.113259554793555983e-01
-6.056567982130345307e-02 -5.615522685973791672e-01 3.215562458992741179e-01
-4.603059125208375235e-02 -5.583140622699543920e-01 3.318495064330815314e-01
-3.170007995039617055e-02 -5.546576219152348219e-01 3.422940352845050827e-01
-1.751081602452450592e-02 -5.507515169404428867e-01 3.528762037861261636e-01
-3.396773326279967087e-03 -5.466642882765828659e-01 3.635722541341216418e-01
1.071251357748637112e-02 -5.424920420718385428e-01 3.742885610586726419e-01
2.487169462444660528e-02 -5.382675438928061773e-01 3.849429710974154317e-01
3.910075522765896205e-02 -5.340329642166166124e-01 3.954847070462947367e-01
