7.111543203832902671e-02 -5.327968112947959467e-01 4.006575121187855304e-01
8.802117832925937524e-02 -5.306610981613515410e-01 3.988071028729555101e-01
1.049180957583762119e-01 -5.281747545633457275e-01 3.968592752324389683e-01
1.219936788776764813e-01 -5.253695737052556103e-01 3.945167774805662386e-01
1.391770017323821496e-01 -5.223369662794276058e-01 3.913793574084400984e-01
1.562044477657563712e-01 -5.192953002108591232e-01 3.877835157101970909e-01
1.725379005038049640e-01 -5.164246293592438253e-01 3.816149090010188538e-01
1.901104001306303803e-01 -5.135572286867858827e-01 3.722337357597851337e-01
2.084104084180432304e-01 -5.108793080014254473e-01 3.596183922407937272e-01
2.242938097566225253e-01 -5.086974761087048602e-01 3.463757649209296963e-01
2.362717325899708898e-01 -5.070032720720203390e-01 3.322416934997264870e-01
2.479050393801059404e-01 -5.050664341922639355e-01 3.142702927473901564e-01
2.582323247933301369e-01 -5.028915289425349711e-01 2.964597896050227832e-01
2.668452877698455072e-01 -4.991004948908399075e-01 2.775110969180154541e-01
2.751904926411520846e-01 -4.949746979306911543e-01 2.585799064596815411e-01
2.834181461004487979e-01 -4.904948124305033019e-01 2.398253564271293770e-01
2.916391032794078408e-01 -4.856198477363902199e-01 2.212028019629408149e-01
2.998787039658128428e-01 -4.803535244308370644e-01 2.028626827652526554e-01
3.081193950459999442e-01 -4.746868249707301146e-01 1.848100951436567052e-01
3.160457497424168372e-01 -4.685671306649632495e-01 1.669467567104667705e-01
3.228304977238086737e-01 -4.621975379375504178e-01 1.489375029601573142e-01
3.253870027162422129e-01 -4.560444497283833165e-01 1.304054063970122301e-01
3.206832755010953773e-01 -4.491226664206545705e-01 1.129403411208330793e-01
3.142518088840995927e-01 -4.435242081021324445e-01 9.915739148710589479e-02
3.061385347271472490e-01 -4.478126263664098938e-01 1.146054699956922662e-01
2.972682052784823004e-01 -4.528397617460233615e-01 1.317318729313153580e-01
2.867489105915448921e-01 -4.578730742726097036e-01 1.481330833447416784e-01
2.748745808282856418e-01 -4.627467099881668045e-01 1.636398001698358973e-01
2.618413537254472567e-01 -4.674316636227193733e-01 1.783394055969599878e-01
2.477530538546284800e-01 -4.719081943276255409e-01 1.921951399473630639e-01
2.327123915648568186e-01 -4.761950831235493009e-01 2.051850299624694285e-01
2.168076371323633122e-01 -4.803464292618084830e-01 2.172831478569580144e-01
2.001282231143481916e-01 -4.844245548060726603e-01 2.282763018774718322e-01
1.824811691326121144e-01 -4.885435698208879240e-01 2.375491806479873014e-01
1.640318034955038362e-01 -4.928343519656206428e-01 2.451480757627558238e-01
1.449885664169476285e-01 -4.973925123456859887e-01 2.507040216596312376e-01
1.256350562275551086e-01 -5.021660411027182302e-01 2.545473923888898482e-01
1.060311231818634181e-01 -5.071151693521902537e-01 2.566983146220354062e-01
8.637921356929742500e-02 -5.120458122527544731e-01 2.574877435580181784e-01
6.653529630543741913e-02 -5.167304337131889413e-01 2.570944715032503769e-01
4.672049321888799289e-02 -5.208657431922979475e-01 2.561416782127874381e-01
2.694517554429298745e-02 -5.242998070845129588e-01 2.549831825128960894e-01
7.030587445420899417e-03 -5.268472330500495460e-01 2.537343016924433203e-01
-1.304833456976439710e-02 -5.286371173742530072e-01 2.524169769009396713e-01
-3.330968242829437931e-02 -5.299372781991620318e-01 2.510330937464269052e-01
-5.357646567691025374e-02 -5.308781279997316638e-01 2.495748923157740662e-01
-7.383581565724967044e-02 -5.315763906746144851e-01 2.480360669842082699e-01
-9.410039321531735168e-02 -5.320848017621906401e-01 2.464078633001007268e-01
-1.144653785046273187e-01 -5.323748144691713424e-01 2.446722075426917831e-01
-1.348735308862781535e-01 -5.323433447114526151e-01 2.427772193176943594e-01
-1.552554076018942131e-01 -5.319075134907326197e-01 2.406086195858099241e-01
-1.755880025829459623e-01 -5.310881062119541252e-01 2.379947487081238711e-01
-1.958304179637337938e-01 -5.300050864490748470e-01 2.347544068569675790e-01
-2.158323045412112451e-01 -5.286910297628260036e-01 2.302412192485128739e-01
-2.354793868181739858e-01 -5.272976162747133877e-01 2.244656155943509090e-01
-2.545960375096411599e-01 -5.258353067469280218e-01 2.169498142564977305e-01
-2.727350459022163109e-01 -5.242077367912417740e-01 2.074780677302388576e-01
-2.895804162003993154e-01 -5.222564832179180661e-01 1.959839538001715009e-01
-3.051105655801881755e-01 -5.198966845344482612e-01 1.825486307614498926e-01
-3.191421463787161850e-01 -5.171680669765420513e-01 1.677153420550820673e-01
-3.319909184060739760e-01 -5.141101987848679666e-01 1.519648571564760076e-01
-3.440850480719285232e-01 -5.108043175701209027e-01 1.357568199110438523e-01
-3.556324406268255300e-01 -5.073003075273432305e-01 1.192963259661223713e-01
-3.665014765999818902e-01 -5.035157821718475590e-01 1.023723776465824825e-01
-3.761585242220578662e-01 -4.994653177036759151e-01 8.503620679060505672e-02
-3.831341001155768033e-01 -4.950306705819073061e-01 6.682994864739967567e-02
-3.865726889235405750e-01 -4.910995995885338861e-01 4.806362145260160978e-02
-3.876970259648584993e-01 -4.882917604788457044e-01 3.181830298298969628e-02
-3.816803139359427055e-01 -4.960086849268398046e-01 4.559139606390942567e-02
-3.747858969282686359e-01 -5.044681890656119716e-01 6.128448593048529264e-02
-3.669342832202113214e-01 -5.129414964593290716e-01 7.671056503434153795e-02
-3.581176204568431998e-01 -5.211783333106437821e-01 9.161953221542755432e-02
-3.483928870230862396e-01 -5.291773262968109126e-01 1.061040666556863771e-01
-3.376231094457609605e-01 -5.369348653742891386e-01 1.201259000016901557e-01
-3.260037120002428068e-01 -5.444095569310941629e-01 1.336230286998001393e-01
-3.135673140589473884e-01 -5.515770399747461639e-01 1.466472528972040112e-01
-3.004645183346389414e-01 -5.583723249081771201e-01 1.592046733768455180e-01
-2.867911815217864535e-01 -5.647316274325332452e-01 1.713366519490588102e-01
-2.725764938323469444e-01 -5.706338005442992412e-01 1.831567402381945042e-01
-2.577614191388962750e-01 -5.759010474552510583e-01 1.946510427817613187e-01
-2.424421642777272456e-01 -5.803699629304692742e-01 2.057675896736161913e-01
-2.267391985117378495e-01 -5.837796712382705699e-01 2.163682169799701072e-01
-2.106431501703293074e-01 -5.861731135964277639e-01 2.266140766332053191e-01
-1.943364633803314201e-01 -5.876346969369019568e-01 2.366132641596464525e-01
-1.779791295066846524e-01 -5.884537113564434208e-01 2.465239518854631662e-01
-1.616497528758391589e-01 -5.886635382735339039e-01 2.564204930986595521e-01
-1.452788858874701217e-01 -5.881973432842796390e-01 2.664335637809210344e-01
-1.289464237706493821e-01 -5.871087825122052184e-01 2.765174052517976877e-01
-1.127628219909738994e-01 -5.853358383716387170e-01 2.865758487093901796e-01
-9.682120098717739154e-02 -5.828061905557050393e-01 2.964826403095082163e-01
-8.104054627603579641e-02 -5.794262023003990958e-01 3.062601764486128642e-01
-6.569066678682855542e-02 -5.752790309399450353e-01 3.158441594302209277e-01
-5.066719714555523169e-02 -5.704456514432735270e-01 3.255413234574834891e-01
-3.630311301295643944e-02 -5.649935318191416922e-01 3.356548237809034996e-01
-2.260140339537758392e-02 -5.592855229373797643e-01 3.463068318362911291e-01
-9.400256520341709887e-03 -5.536347741577160031e-01 3.572512088747629155e-01
3.669642250336946354e-03 -5.481123288594760279e-01 3.682750340155487856e-01
1.678015567377148104e-02 -5.427774735455230815e-01 3.790495806448472282e-01
3.028308614701169521e-02 -5.375928429485993254e-01 3.894426820443532278e-01
4.423788451568386182e-02 -5.325780446354575481e-01 3.992988000712916485e-01
