1635361626, 687174081, 1
1635361626, 693137884, 1
1635361626, 699139118, 1
1635361626, 705144882, 1
1635361626, 711148977, 1
1635361626, 717123031, 1
1635361626, 723112106, 1
1635361626, 729106903, 1
1635361626, 735131978, 1
1635361626, 741142034, 1
1635361626, 747128963, 1
1635361626, 753125905, 1
1635361626, 759154081, 1
1635361626, 765151977, 1
1635361626, 771167993, 1
1635361626, 777131080, 1
1635361626, 783129930, 1
1635361626, 789180994, 1
1635361626, 795129060, 1
1635361626, 801147937, 1
1635361626, 807132959, 1
1635361626, 813119888, 1
1635361626, 819129943, 1
1635361626, 825122117, 1
1635361626, 831139087, 1
1635361626, 837117910, 1
1635361626, 843102931, 1
1635361626, 849150896, 1
1635361626, 855144977, 1
1635361626, 861156940, 1
1635361626, 867166042, 1
1635361626, 873126983, 1
1635361626, 879129886, 1
1635361626, 885128974, 1
1635361626, 891139984, 1
1635361626, 897166013, 1
1635361626, 903171062, 1
1635361626, 909111022, 1
1635361626, 915138959, 1
1635361626, 921158075, 1
1635361626, 927123069, 1
1635361626, 933166980, 1
1635361626, 939119100, 1
1635361626, 945147991, 1
1635361626, 951152086, 1
1635361626, 957161903, 1
1635361626, 963123083, 1
1635361626, 969156026, 1
1635361626, 975191116, 1
1635361626, 981168985, 1
1635361626, 987178087, 1
1635361626, 993108034, 1
1635361626, 999104022, 1
1635361627, 5151987, 1
1635361627, 11132955, 1
1635361627, 17115116, 1
1635361627, 23119926, 1
1635361627, 29172897, 1
1635361627, 35152912, 1
1635361627, 41160106, 1
1635361627, 47137022, 1
1635361627, 53159952, 1
1635361627, 59146881, 1
1635361627, 65150976, 1
1635361627, 71135997, 1
1635361627, 77135086, 1
1635361627, 83127975, 1
1635361627, 89133977, 1
1635361627, 95149993, 1
1635361627, 101203918, 1
1635361627, 107145071, 1
1635361627, 113131046, 1
1635361627, 119117975, 1
1635361627, 125125885, 1
1635361627, 131125926, 1
1635361627, 137135028, 1
1635361627, 143131971, 1
1635361627, 149195909, 1
1635361627, 155142068, 1
1635361627, 161147117, 1
1635361627, 167201042, 1
1635361627, 173186063, 1
1635361627, 179122924, 1
1635361627, 185137987, 1
1635361627, 191138029, 1
1635361627, 197129011, 1
1635361627, 203135013, 1
1635361627, 209090948, 1
1635361627, 215140104, 1
1635361627, 221115112, 1
1635361627, 227133035, 1
1635361627, 233120918, 1
1635361627, 239146947, 1
1635361627, 245192050, 1
1635361627, 251132965, 1
1635361627, 257150888, 1
1635361627, 263134002, 1
1635361627, 269124031, 1
1635361627, 275110960, 1
1635361627, 281104087, 1
1635361627, 287132024, 1
1635361627, 293133974, 1
1635361627, 299115896, 1
1635361627, 305138111, 1
1635361627, 311136960, 1
1635361627, 317142963, 1
1635361627, 323107957, 1
1635361627, 329138040, 1
1635361627, 335140943, 1
1635361627, 341126918, 1
1635361627, 347145080, 1
1635361627, 353142023, 1
1635361627, 359148979, 1
1635361627, 365169048, 1
1635361627, 371139049, 1
1635361627, 377141952, 1
1635361627, 383136987, 1
1635361627, 389167070, 1
1635361627, 395117044, 1
1635361627, 401128053, 1
1635361627, 407110929, 1
1635361627, 413142919, 1
1635361627, 419150114, 1
1635361627, 425146102, 1
1635361627, 431154966, 1
1635361627, 437125921, 1
1635361627, 443145990, 1
1635361627, 449167013, 1
1635361627, 455151081, 1
1635361627, 461141109, 1
1635361627, 467139959, 1
1635361627, 473150014, 1
1635361627, 479126930, 1
1635361627, 485136032, 1
1635361627, 491144895, 1
1635361627, 497150897, 1
1635361627, 503144979, 1
1635361627, 509150981, 1
1635361627, 515115022, 1
1635361627, 521152019, 1
1635361627, 527117967, 1
1635361627, 533155918, 1
1635361627, 539146900, 1
1635361627, 545135974, 1
1635361627, 551156997, 1
1635361627, 557137966, 1
1635361627, 563159942, 1
1635361627, 569125890, 1
1635361627, 575122117, 1
1635361627, 581125974, 1
1635361627, 587124109, 1
1635361627, 593142032, 1
1635361627, 599140882, 1
1635361627, 605274915, 1
1635361627, 611129999, 1
1635361627, 617147922, 1
1635361627, 623132944, 1
1635361627, 629134893, 1
1635361627, 635128021, 1
1635361627, 641158103, 1
1635361627, 647126913, 1
1635361627, 653136014, 1
1635361627, 659127950, 1
1635361627, 665121078, 1
1635361627, 671152114, 1
1635361627, 677194118, 1
1635361627, 683125019, 1
1635361627, 689136981, 1
1635361627, 695132017, 1
1635361627, 701157093, 1
1635361627, 707134962, 1
1635361627, 713119029, 1
1635361627, 719145059, 1
1635361627, 725152969, 1
1635361627, 731148004, 1
1635361627, 737154006, 1
1635361627, 743149995, 1
1635361627, 749144077, 1
1635361627, 755147933, 1
1635361627, 761126995, 1
1635361627, 767122983, 1
1635361627, 773144960, 1
1635361627, 779148101, 1
1635361627, 785162925, 1
1635361627, 791134119, 1
1635361627, 797153949, 1
1635361627, 803148031, 1
1635361627, 809145927, 1
1635361627, 815115928, 1
1635361627, 821131944, 1
1635361627, 827121973, 1
1635361627, 833158969, 1
1635361627, 839133024, 1
1635361627, 845141887, 1
1635361627, 851134061, 1
1635361627, 857151031, 1
1635361627, 863117933, 1
1635361627, 869128942, 1
1635361627, 875128030, 1
1635361627, 881134986, 1
1635361627, 887123107, 1
1635361627, 893130064, 1
1635361627, 899138927, 1
1635361627, 905132055, 1
1635361627, 911125898, 1
1635361627, 917140007, 1
1635361627, 923137903, 1
1635361627, 929141044, 1
1635361627, 935153961, 1
1635361627, 941144943, 1
1635361627, 947132110, 1
1635361627, 953129053, 1
1635361627, 959125041, 1
1635361627, 965115070, 1
1635361627, 971132040, 1
1635361627, 977134943, 1
1635361627, 983122110, 1
1635361627, 989131927, 1
1635361627, 995129108, 1
1635361628, 1138925, 1
1635361628, 7112979, 1
1635361628, 13132095, 1
1635361628, 19148111, 1
1635361628, 25118112, 1
1635361628, 31160116, 1
1635361628, 37231922, 1
1635361628, 43113946, 1
1635361628, 49154043, 1
1635361628, 55141925, 1
1635361628, 61131000, 1
1635361628, 67136049, 1
1635361628, 73113918, 1
1635361628, 79144001, 1
1635361628, 85141897, 1
1635361628, 91109037, 1
1635361628, 97132921, 1
1635361628, 103111028, 1
1635361628, 109122037, 1
1635361628, 115129947, 1
1635361628, 121135950, 1
1635361628, 127134084, 1
1635361628, 133122920, 1
1635361628, 139106988, 1
1635361628, 145128011, 1
1635361628, 151105880, 1
1635361628, 157139062, 1
1635361628, 163156986, 1
1635361628, 169145107, 1
1635361628, 175127983, 1
1635361628, 181174993, 1
1635361628, 187108993, 1
1635361628, 193109035, 1
1635361628, 199109077, 1
1635361628, 205136060, 1
1635361628, 211114883, 1
1635361628, 217150926, 1
1635361628, 223105907, 1
1635361628, 229141950, 1
1635361628, 235158920, 1
1635361628, 241142988, 1
1635361628, 247153043, 1
1635361628, 253118038, 1
1635361628, 259109973, 1
1635361628, 265120029, 1
1635361628, 271109104, 1
1635361628, 277168989, 1
1635361628, 283107995, 1
1635361628, 289132118, 1
1635361628, 295113086, 1
1635361628, 301135063, 1
1635361628, 307146072, 1
1635361628, 313143014, 1
1635361628, 319148063, 1
1635361628, 325141906, 1
1635361628, 331132888, 1
1635361628, 337169885, 1
1635361628, 343132019, 1
1635361628, 349147081, 1
1635361628, 355133056, 1
1635361628, 361166000, 1
1635361628, 367141008, 1
1635361628, 373162984, 1
1635361628, 379169940, 1
1635361628, 385107994, 1
1635361628, 391146898, 1
1635361628, 397111892, 1
1635361628, 403141975, 1
1635361628, 409137964, 1
1635361628, 415128946, 1
1635361628, 421118974, 1
1635361628, 427126884, 1
1635361628, 433172941, 1
1635361628, 439202070, 1
1635361628, 445172071, 1
1635361628, 451133966, 1
1635361628, 457134008, 1
1635361628, 463130950, 1
1635361628, 469136953, 1
1635361628, 475147962, 1
1635361628, 481151103, 1
1635361628, 487112045, 1
1635361628, 493117094, 1
1635361628, 499128103, 1
1635361628, 505137920, 1
1635361628, 511111974, 1
1635361628, 517143964, 1
1635361628, 523138999, 1
1635361628, 529162883, 1
1635361628, 535140037, 1
1635361628, 541136980, 1
1635361628, 547164916, 1
1635361628, 553139925, 1
1635361628, 559117078, 1
1635361628, 565113067, 1
1635361628, 571110963, 1
1635361628, 577148914, 1
1635361628, 583121061, 1
1635361628, 589148044, 1
1635361628, 595124959, 1
1635361628, 601155996, 1
1635361628, 607142925, 1
1635361628, 613142013, 1
1635361628, 619178056, 1
1635361628, 625138998, 1
1635361628, 631113052, 1
1635361628, 637173891, 1
1635361628, 643129110, 1
1635361628, 649146080, 1
1635361628, 655159950, 1
1635361628, 661111116, 1
1635361628, 667136907, 1
1635361628, 673156023, 1
1635361628, 679161071, 1
1635361628, 685153961, 1
1635361628, 691163063, 1
1635361628, 697164058, 1
1635361628, 703145980, 1
1635361628, 709125041, 1
1635361628, 715131044, 1
1635361628, 721132993, 1
1635361628, 727155923, 1
1635361628, 733133077, 1
1635361628, 739151954, 1
1635361628, 745147943, 1
1635361628, 751149892, 1
1635361628, 757118940, 1
1635361628, 763124942, 1
1635361628, 769162893, 1
1635361628, 775135040, 1
1635361628, 781126976, 1
1635361628, 787161111, 1
1635361628, 793129920, 1
1635361628, 799153089, 1
1635361628, 805135965, 1
1635361628, 811125993, 1
1635361628, 817121028, 1
1635361628, 823148965, 1
1635361628, 829145908, 1
1635361628, 835160017, 1
1635361628, 841140031, 1
1635361628, 847132921, 1
1635361628, 853166103, 1
1635361628, 859127998, 1
1635361628, 865119934, 1
1635361628, 871134042, 1
1635361628, 877125978, 1
1635361628, 883136034, 1
1635361628, 889115095, 1
1635361628, 895138978, 1
1635361628, 901141881, 1
1635361628, 907126903, 1
1635361628, 913130044, 1
1635361628, 919125080, 1
1635361628, 925133943, 1
1635361628, 931123018, 1
1635361628, 937119960, 1
1635361628, 943217992, 1
1635361628, 949245929, 1
1635361628, 955223083, 1
1635361628, 961258888, 1
1635361628, 967251062, 1
1635361628, 973252058, 1
1635361628, 979259014, 1
1635361628, 985258102, 1
1635361628, 991194009, 1
1635361628, 997461080, 1
1635361629, 3190040, 1
1635361629, 9130954, 1
1635361629, 15153884, 1
1635361629, 21151065, 1
1635361629, 27112960, 1
1635361629, 33149003, 1
1635361629, 39108991, 1
1635361629, 45105934, 1
1635361629, 51115989, 1
1635361629, 57104110, 1
1635361629, 63136100, 1
1635361629, 69150924, 1
1635361629, 75131893, 1
1635361629, 81151008, 1
1635361629, 87105035, 1
1635361629, 93113899, 1
1635361629, 99107027, 1
1635361629, 105132102, 1
1635361629, 111138105, 1
1635361629, 117130041, 1
1635361629, 123106002, 1
1635361629, 129132032, 1
1635361629, 135123014, 1
1635361629, 141134023, 1
1635361629, 147139072, 1
1635361629, 153141021, 1
1635361629, 159110069, 1
1635361629, 165102958, 1
1635361629, 171134948, 1
1635361629, 177105903, 1
1635361629, 183142900, 1
1635361629, 189132928, 1
1635361629, 195101022, 1
1635361629, 201109886, 1
1635361629, 207144021, 1
1635361629, 213108062, 1
1635361629, 219103097, 1
1635361629, 225152969, 1
1635361629, 231139898, 1
1635361629, 237147092, 1
1635361629, 243103981, 1
1635361629, 249141931, 1
1635361629, 255121946, 1
1635361629, 261138916, 1
1635361629, 267117023, 1
1635361629, 273144960, 1
1635361629, 279143095, 1
1635361629, 285116910, 1
1635361629, 291115045, 1
1635361629, 297168970, 1
1635361629, 303106069, 1
1635361629, 309129953, 1
1635361629, 315104961, 1
1635361629, 321158885, 1
1635361629, 327122926, 1
1635361629, 333174943, 1
1635361629, 339133024, 1
1635361629, 345127105, 1
1635361629, 351159095, 1
1635361629, 357153892, 1
1635361629, 363118886, 1
1635361629, 369158983, 1
1635361629, 375108003, 1
1635361629, 381195068, 1
1635361629, 387142896, 1
1635361629, 393121004, 1
1635361629, 399136066, 1
1635361629, 405145883, 1
1635361629, 411159038, 1
1635361629, 417123079, 1
1635361629, 423173904, 1
1635361629, 429179906, 1
1635361629, 435167074, 1
1635361629, 441148996, 1
1635361629, 447163105, 1
1635361629, 453159093, 1
1635361629, 459132909, 1
1635361629, 465122938, 1
1635361629, 471149921, 1
1635361629, 477132081, 1
1635361629, 483165025, 1
1635361629, 489125967, 1
1635361629, 495147943, 1
1635361629, 501179933, 1
1635361629, 507174015, 1
1635361629, 513161897, 1
1635361629, 519160985, 1
1635361629, 525166988, 1
1635361629, 531152963, 1
1635361629, 537309885, 1
1635361629, 543152093, 1
1635361629, 549122095, 1
1635361629, 555150985, 1
1635361629, 561130046, 1
1635361629, 567150115, 1
1635361629, 573137998, 1
1635361629, 579153060, 1
1635361629, 585139989, 1
1635361629, 591119050, 1
1635361629, 597105979, 1
1635361629, 603111028, 1
1635361629, 609153032, 1
1635361629, 615122079, 1
1635361629, 621155023, 1
1635361629, 627170085, 1
1635361629, 633152961, 1
1635361629, 639132976, 1
1635361629, 645152091, 1
1635361629, 651122093, 1
1635361629, 657125949, 1
1635361629, 663142919, 1
1635361629, 669138908, 1
1635361629, 675149917, 1
1635361629, 681126117, 1
1635361629, 687140941, 1
1635361629, 693157911, 1
1635361629, 699151039, 1
1635361629, 705101013, 1
1635361629, 711123943, 1
1635361629, 717139005, 1
1635361629, 723130941, 1
1635361629, 729124069, 1
1635361629, 735131978, 1
1635361629, 741127967, 1
1635361629, 747127056, 1
1635361629, 753123044, 1
1635361629, 759125947, 1
1635361629, 765135049, 1
1635361629, 771120071, 1
1635361629, 777203083, 1
1635361629, 783185005, 1
1635361629, 789148092, 1
1635361629, 795104980, 1
1635361629, 801137924, 1
1635361629, 807142972, 1
1635361629, 813164949, 1
1635361629, 819148063, 1
1635361629, 825165987, 1
1635361629, 831127882, 1
1635361629, 837136983, 1
1635361629, 843149900, 1
1635361629, 849159955, 1
1635361629, 855132102, 1
1635361629, 861164093, 1
1635361629, 867149114, 1
1635361629, 873120069, 1
1635361629, 879121065, 1
1635361629, 885180950, 1
1635361629, 891165018, 1
1635361629, 897133111, 1
1635361629, 903122901, 1
1635361629, 909166097, 1
1635361629, 915107011, 1
1635361629, 921139001, 1
1635361629, 927175998, 1
1635361629, 933123111, 1
1635361629, 939104080, 1
1635361629, 945115089, 1
1635361629, 951075077, 1
1635361629, 957093000, 1
1635361629, 963109970, 1
1635361629, 969142913, 1
1635361629, 975083112, 1
1635361629, 981120109, 1
1635361629, 987169027, 1
1635361629, 993124961, 1
1635361629, 999123096, 1
1635361630, 5116939, 1
1635361630, 11212110, 1
1635361630, 17283916, 1
1635361630, 23288011, 1
1635361630, 29230117, 1
1635361630, 35304069, 1
1635361630, 41280984, 1
1635361630, 47269105, 1
1635361630, 53345918, 1
1635361630, 59273958, 1
1635361630, 65248012, 1
1635361630, 71259975, 1
1635361630, 77244043, 1
1635361630, 83282947, 1
1635361630, 89216947, 1
1635361630, 95253944, 1
1635361630, 101278066, 1
1635361630, 107270002, 1
1635361630, 113224029, 1
1635361630, 119200944, 1
1635361630, 125125885, 1
1635361630, 131155014, 1
1635361630, 137130975, 1
1635361630, 143213987, 1
1635361630, 149291992, 1
1635361630, 155249118, 1
1635361630, 161181926, 1
1635361630, 167237997, 1
1635361630, 173254966, 1
1635361630, 179306983, 1
1635361630, 185288906, 1
1635361630, 191287994, 1
1635361630, 197271108, 1
1635361630, 203265905, 1
1635361630, 209197998, 1
1635361630, 215282917, 1
1635361630, 221292972, 1
1635361630, 227313995, 1
1635361630, 233283042, 1
1635361630, 239270925, 1
1635361630, 245276927, 1
1635361630, 251286029, 1
1635361630, 257261991, 1
1635361630, 263236045, 1
1635361630, 269277095, 1
1635361630, 275243043, 1
1635361630, 281280994, 1
1635361630, 287307977, 1
1635361630, 293268918, 1
1635361630, 299252986, 1
1635361630, 305218935, 1
1635361630, 311268091, 1
1635361630, 317292928, 1
1635361630, 323242902, 1
1635361630, 329292058, 1
1635361630, 335294008, 1
1635361630, 341308116, 1
1635361630, 347275972, 1
1635361630, 353219032, 1
1635361630, 359281063, 1
1635361630, 365303039, 1
1635361630, 371247053, 1
1635361630, 377264022, 1
1635361630, 383271932, 1
1635361630, 389259099, 1
1635361630, 395275115, 1
1635361630, 401292085, 1
1635361630, 407286882, 1
1635361630, 413279056, 1
1635361630, 419239997, 1
1635361630, 425206899, 1
1635361630, 431269884, 1
1635361630, 437325954, 1
1635361630, 443295955, 1
1635361630, 449254035, 1
1635361630, 455215930, 1
1635361630, 461219072, 1
1635361630, 467245101, 1
1635361630, 473274946, 1
1635361630, 479285001, 1
1635361630, 485245943, 1
1635361630, 491286039, 1
1635361630, 497227907, 1
1635361630, 503217935, 1
1635361630, 509249925, 1
1635361630, 515253067, 1
1635361630, 521290063, 1
1635361630, 527281045, 1
1635361630, 533262968, 1
1635361630, 539252042, 1
1635361630, 545291900, 1
1635361630, 551265954, 1
1635361630, 557300090, 1
1635361630, 563199996, 1
1635361630, 569261074, 1
1635361630, 575257062, 1
1635361630, 581288099, 1
1635361630, 587285995, 1
1635361630, 593259096, 1
1635361630, 599242925, 1
1635361630, 605300903, 1
1635361630, 611239910, 1
1635361630, 617294073, 1
1635361630, 623311042, 1
1635361630, 629260063, 1
1635361630, 635287046, 1
1635361630, 641252040, 1
1635361630, 647274971, 1
1635361630, 653264045, 1
1635361630, 659255027, 1
1635361630, 665230989, 1
1635361630, 671226024, 1
1635361630, 677155017, 1
1635361630, 683219909, 1
1635361630, 689230918, 1
1635361630, 695164918, 1
1635361630, 701214075, 1
1635361630, 707295894, 1
1635361630, 713279962, 1
1635361630, 719250917, 1
1635361630, 725302934, 1
1635361630, 731250047, 1
1635361630, 737346887, 1
1635361630, 743285894, 1
1635361630, 749269962, 1
1635361630, 755281925, 1
1635361630, 761199951, 1
1635361630, 767257928, 1
1635361630, 773260116, 1
1635361630, 779275894, 1
1635361630, 785281896, 1
1635361630, 791281938, 1
1635361630, 797229051, 1
1635361630, 803252935, 1
1635361630, 809242010, 1
1635361630, 815306901, 1
1635361630, 821275949, 1
1635361630, 827275991, 1
1635361630, 833287954, 1
1635361630, 839240074, 1
1635361630, 845233917, 1
1635361630, 851283073, 1
1635361630, 857275009, 1
1635361630, 863292932, 1
1635361630, 869291067, 1
1635361630, 875289916, 1
1635361630, 881295919, 1
1635361630, 887231111, 1
1635361630, 893306016, 1
1635361630, 899250030, 1
1635361630, 905258893, 1
1635361630, 911251068, 1
1635361630, 917229890, 1
1635361630, 923290967, 1
1635361630, 929302930, 1
1635361630, 935281991, 1
1635361630, 941296100, 1
1635361630, 947233915, 1
1635361630, 953274965, 1
1635361630, 959301948, 1
1635361630, 965244054, 1
1635361630, 971251964, 1
1635361630, 977272033, 1
1635361630, 983289003, 1
1635361630, 989280939, 1
1635361630, 995263099, 1
1635361631, 1290082, 1
1635361631, 7231950, 1
1635361631, 13288021, 1
1635361631, 19280910, 1
1635361631, 25238990, 1
1635361631, 31223058, 1
1635361631, 37193059, 1
1635361631, 43126106, 1
1635361631, 49166917, 1
1635361631, 55135965, 1
1635361631, 61126947, 1
1635361631, 67157983, 1
1635361631, 73137044, 1
1635361631, 79118967, 1
1635361631, 85109949, 1
1635361631, 91265916, 1
1635361631, 97198963, 1
1635361631, 103240013, 1
1635361631, 109189033, 1
1635361631, 115206003, 1
1635361631, 121236085, 1
1635361631, 127264976, 1
1635361631, 133526086, 1
1635361631, 139252901, 1
1635361631, 145203113, 1
1635361631, 151285886, 1
1635361631, 157221078, 1
1635361631, 163292884, 1
1635361631, 169267892, 1
1635361631, 175302982, 1
1635361631, 181250095, 1
1635361631, 187239885, 1
1635361631, 193279981, 1
1635361631, 199235916, 1
1635361631, 205305099, 1
1635361631, 211272954, 1
1635361631, 217299938, 1
1635361631, 223210096, 1
1635361631, 229173898, 1
1635361631, 235255956, 1
1635361631, 241285085, 1
1635361631, 247237920, 1
1635361631, 253200054, 1
1635361631, 259291887, 1
1635361631, 265194892, 1
1635361631, 271276950, 1
1635361631, 277230978, 1
1635361631, 283255100, 1
1635361631, 289278984, 1
1635361631, 295254945, 1
1635361631, 301279067, 1
1635361631, 307235956, 1
1635361631, 313246011, 1
1635361631, 319243907, 1
1635361631, 325257062, 1
1635361631, 331248044, 1
1635361631, 337328910, 1
1635361631, 343278884, 1
1635361631, 349230051, 1
1635361631, 355282068, 1
1635361631, 361285924, 1
1635361631, 367259979, 1
1635361631, 373282909, 1
1635361631, 379200935, 1
1635361631, 385293006, 1
1635361631, 391247034, 1
1635361631, 397218942, 1
1635361631, 403230905, 1
1635361631, 409235954, 1
1635361631, 415183067, 1
1635361631, 421216964, 1
1635361631, 427202939, 1
1635361631, 433265924, 1
1635361631, 439245939, 1
1635361631, 445190906, 1
1635361631, 451184988, 1
1635361631, 457174062, 1
1635361631, 463130950, 1
1635361631, 469122886, 1
1635361631, 475162029, 1
1635361631, 481105089, 1
1635361631, 487137079, 1
1635361631, 493189096, 1
1635361631, 499141931, 1
1635361631, 505109071, 1
1635361631, 511290073, 1
1635361631, 517226934, 1
1635361631, 523228883, 1
1635361631, 529228925, 1
1635361631, 535250902, 1
1635361631, 541241884, 1
1635361631, 547197103, 1
1635361631, 553164958, 1
1635361631, 559146881, 1
1635361631, 565167903, 1
1635361631, 571178913, 1
1635361631, 577167987, 1
1635361631, 583162069, 1
1635361631, 589118957, 1
1635361631, 595266103, 1
1635361631, 601202011, 1
1635361631, 607218027, 1
1635361631, 613234996, 1
1635361631, 619225025, 1
1635361631, 625134944, 1
1635361631, 631180047, 1
1635361631, 637197017, 1
1635361631, 643184900, 1
1635361631, 649156093, 1
1635361631, 655180931, 1
1635361631, 661223888, 1
1635361631, 667140960, 1
1635361631, 673249959, 1
1635361631, 679277896, 1
1635361631, 685262918, 1
1635361631, 691231966, 1
1635361631, 697249889, 1
1635361631, 703238010, 1
1635361631, 709243059, 1
1635361631, 715215921, 1
1635361631, 721201896, 1
1635361631, 727190971, 1
1635361631, 733248949, 1
1635361631, 739164113, 1
1635361631, 745225906, 1
1635361631, 751220941, 1
1635361631, 757225990, 1
1635361631, 763140916, 1
1635361631, 769196987, 1
1635361631, 775278091, 1
1635361631, 781219959, 1
1635361631, 787195920, 1
1635361631, 793284893, 1
1635361631, 799321889, 1
1635361631, 805289983, 1
1635361631, 811218023, 1
1635361631, 817302942, 1
1635361631, 823261976, 1
1635361631, 829258918, 1
1635361631, 835290908, 1
1635361631, 841331958, 1
1635361631, 847295045, 1
1635361631, 853251934, 1
1635361631, 859189033, 1
1635361631, 865216016, 1
1635361631, 871257066, 1
1635361631, 877248048, 1
1635361631, 883219003, 1
1635361631, 889264106, 1
1635361631, 895253896, 1
1635361631, 901238918, 1
1635361631, 907203912, 1
1635361631, 913166046, 1
1635361631, 919136047, 1
1635361631, 925146102, 1
1635361631, 931126117, 1
1635361631, 937174081, 1
1635361631, 943089008, 1
1635361631, 949151039, 1
1635361631, 955096006, 1
1635361631, 961105108, 1
1635361631, 967113971, 1
1635361631, 973104953, 1
1635361631, 979118108, 1
1635361631, 985095977, 1
1635361631, 991152048, 1
1635361631, 997163057, 1
1635361632, 3129005, 1
1635361632, 9119033, 1
1635361632, 15135049, 1
1635361632, 21115064, 1
1635361632, 27115106, 1
1635361632, 33145904, 1
1635361632, 39129972, 1
1635361632, 45142889, 1
1635361632, 51114082, 1
1635361632, 57152032, 1
1635361632, 63133955, 1
1635361632, 69082975, 1
1635361632, 75114965, 1
1635361632, 81149101, 1
1635361632, 87141990, 1
1635361632, 93082904, 1
1635361632, 99143028, 1
1635361632, 105133056, 1
1635361632, 111133098, 1
1635361632, 117100000, 1
1635361632, 123141050, 1
1635361632, 129131078, 1
1635361632, 135138988, 1
1635361632, 141144990, 1
1635361632, 147130966, 1
1635361632, 153136968, 1
1635361632, 159109115, 1
1635361632, 165112018, 1
1635361632, 171088933, 1
1635361632, 177089929, 1
1635361632, 183223009, 1
1635361632, 189249992, 1
1635361632, 195291042, 1
1635361632, 201262950, 1
1635361632, 207228899, 1
1635361632, 213288068, 1
1635361632, 219281911, 1
1635361632, 225222110, 1
1635361632, 231204986, 1
1635361632, 237173080, 1
1635361632, 243135929, 1
1635361632, 249089002, 1
1635361632, 255119085, 1
1635361632, 261158943, 1
1635361632, 267110109, 1
1635361632, 273102045, 1
1635361632, 279131889, 1
1635361632, 285144090, 1
1635361632, 291115045, 1
1635361632, 297154903, 1
1635361632, 303086042, 1
1635361632, 309082031, 1
1635361632, 315099000, 1
1635361632, 321105003, 1
1635361632, 327083110, 1
1635361632, 333106040, 1
1635361632, 339181900, 1
1635361632, 345066070, 1
1635361632, 351108074, 1
1635361632, 357101917, 1
1635361632, 363199949, 1
1635361632, 369276046, 1
1635361632, 375174045, 1
1635361632, 381238937, 1
1635361632, 387232065, 1
1635361632, 393311977, 1
1635361632, 399336099, 1
1635361632, 405292034, 1
1635361632, 411191940, 1
1635361632, 417247056, 1
1635361632, 423248052, 1
1635361632, 429272890, 1
1635361632, 435245037, 1
1635361632, 441284894, 1
1635361632, 447253942, 1
1635361632, 453243970, 1
1635361632, 459258079, 1
1635361632, 465275049, 1
1635361632, 471285104, 1
1635361632, 477251052, 1
1635361632, 483242034, 1
1635361632, 489238023, 1
1635361632, 495317935, 1
1635361632, 501332998, 1
1635361632, 507249116, 1
1635361632, 513258934, 1
1635361632, 519294023, 1
1635361632, 525271892, 1
1635361632, 531246900, 1
1635361632, 537261962, 1
1635361632, 543237924, 1
1635361632, 549271106, 1
1635361632, 555283069, 1
1635361632, 561250925, 1
1635361632, 567228078, 1
1635361632, 573251962, 1
1635361632, 579240083, 1
1635361632, 585283041, 1
1635361632, 591257095, 1
1635361632, 597362041, 1
1635361632, 603213071, 1
1635361632, 609266042, 1
1635361632, 615250110, 1
1635361632, 621288061, 1
1635361632, 627269029, 1
1635361632, 633264064, 1
1635361632, 639264106, 1
1635361632, 645243883, 1
1635361632, 651257038, 1
1635361632, 657238006, 1
1635361632, 663275957, 1
1635361632, 669286012, 1
1635361632, 675204038, 1
1635361632, 681222915, 1
1635361632, 687242031, 1
1635361632, 693264007, 1
1635361632, 699304103, 1
1635361632, 705276966, 1
1635361632, 711220979, 1
1635361632, 717205047, 1
1635361632, 723184108, 1
1635361632, 729110956, 1
1635361632, 735122919, 1
1635361632, 741255998, 1
1635361632, 747220039, 1
1635361632, 753210067, 1
1635361632, 759238004, 1
1635361632, 765235900, 1
1635361632, 771174907, 1
1635361632, 777273893, 1
1635361632, 783265113, 1
1635361632, 789225101, 1
1635361632, 795229911, 1
1635361632, 801279067, 1
1635361632, 807274103, 1
1635361632, 813263893, 1
1635361632, 819175958, 1
1635361632, 825146913, 1
1635361632, 831190109, 1
1635361632, 837297916, 1
1635361632, 843264102, 1
1635361632, 849211931, 1
1635361632, 855197906, 1
1635361632, 861258029, 1
1635361632, 867253065, 1
1635361632, 873264074, 1
1635361632, 879200935, 1
1635361632, 885215997, 1
1635361632, 891182899, 1
1635361632, 897197008, 1
1635361632, 903194904, 1
1635361632, 909176111, 1
1635361632, 915230989, 1
1635361632, 921226024, 1
1635361632, 927241086, 1
1635361632, 933263063, 1
1635361632, 939254045, 1
1635361632, 945213079, 1
1635361632, 951271057, 1
1635361632, 957261085, 1
1635361632, 963160991, 1
1635361632, 969211101, 1
1635361632, 975187063, 1
1635361632, 981180906, 1
1635361632, 987219095, 1
1635361632, 993271112, 1
1635361632, 999214887, 1
1635361633, 5219936, 1
1635361633, 11245965, 1
1635361633, 17216920, 1
1635361633, 23217916, 1
1635361633, 29268026, 1
1635361633, 35263061, 1
1635361633, 41275024, 1
1635361633, 47236919, 1
1635361633, 53258895, 4
1635361633, 59236049, 4
1635361633, 65289020, 4
1635361633, 71275949, 4
1635361633, 77281951, 4
1635361633, 83303928, 4
1635361633, 89281082, 4
1635361633, 95228910, 4
1635361633, 101274967, 9
1635361633, 107204914, 9
1635361633, 113178968, 9
1635361633, 119158029, 9
1635361633, 125219106, 9
1635361633, 131191015, 9
1635361633, 137258052, 9
1635361633, 143191099, 9
1635361633, 149185895, 9
1635361633, 155149936, 16
1635361633, 161195039, 16
1635361633, 167197942, 16
1635361633, 173166990, 16
1635361633, 179192066, 16
1635361633, 185115098, 16
1635361633, 191138029, 16
1635361633, 197138071, 16
1635361633, 203134059, 23
1635361633, 209116935, 23
1635361633, 215138912, 23
1635361633, 221189975, 23
1635361633, 227106094, 23
1635361633, 233138084, 23
1635361633, 239111900, 23
1635361633, 245141983, 23
1635361633, 251107931, 30
1635361633, 257090091, 30
1635361633, 263117074, 30
1635361633, 269107103, 30
1635361633, 275073051, 30
1635361633, 281162023, 30
1635361633, 287106990, 30
1635361633, 293137073, 30
1635361633, 299161911, 30
1635361633, 305116891, 38
1635361633, 311131954, 38
1635361633, 317109107, 38
1635361633, 323137998, 38
1635361633, 329118013, 38
1635361633, 335136890, 38
1635361633, 341129064, 38
1635361633, 347095966, 38
1635361633, 353106975, 44
1635361633, 359095096, 44
1635361633, 365097045, 44
1635361633, 371093034, 44
1635361633, 377142906, 44
1635361633, 383105993, 44
1635361633, 389105081, 44
1635361633, 395102977, 44
1635361633, 401169061, 50
1635361633, 407110929, 50
1635361633, 413126945, 50
1635361633, 419125080, 50
1635361633, 425123929, 50
1635361633, 431124925, 50
1635361633, 437144994, 50
1635361633, 443118095, 50
1635361633, 449099063, 50
1635361633, 455096006, 57
1635361633, 461114883, 57
1635361633, 467113971, 57
1635361633, 473105907, 57
1635361633, 479089975, 57
1635361633, 485130071, 57
1635361633, 491127967, 57
1635361633, 497123003, 57
1635361633, 503160953, 63
1635361633, 509107112, 63
1635361633, 515134096, 63
1635361633, 521087884, 63
1635361633, 527070045, 63
1635361633, 533122062, 63
1635361633, 539133071, 63
1635361633, 545074939, 63
1635361633, 551065921, 69
1635361633, 557075977, 69
1635361633, 563066959, 69
1635361633, 569114923, 69
1635361633, 575103044, 69
1635361633, 581119060, 69
1635361633, 587136983, 69
1635361633, 593099117, 69
1635361633, 599113941, 76
1635361633, 605109930, 76
1635361633, 611104965, 76
1635361633, 617125988, 76
1635361633, 623106002, 76
1635361633, 629142999, 76
1635361633, 635113000, 76
1635361633, 641168117, 76
1635361633, 647108078, 76
1635361633, 653079032, 82
1635361633, 659181118, 82
1635361633, 665158033, 82
1635361633, 671103000, 82
1635361633, 677130937, 82
1635361633, 683114051, 82
1635361633, 689126968, 82
1635361633, 695138931, 82
1635361633, 701097965, 89
1635361633, 707098007, 89
1635361633, 713110923, 89
1635361633, 719091892, 89
1635361633, 725127935, 89
1635361633, 731113910, 89
1635361633, 737095117, 89
1635361633, 743123054, 89
1635361633, 749149084, 89
1635361633, 755130052, 90
1635361633, 761092901, 90
1635361633, 767091989, 90
1635361633, 773091077, 90
1635361633, 779084920, 90
1635361633, 785108089, 90
1635361633, 791151046, 90
1635361633, 797101020, 90
1635361633, 803133010, 90
1635361633, 809067010, 90
1635361633, 815078020, 90
1635361633, 821095943, 90
1635361633, 827109098, 90
1635361633, 833096027, 90
1635361633, 839070081, 90
1635361633, 845061063, 90
1635361633, 851138114, 90
1635361633, 857131004, 90
1635361633, 863065958, 90
1635361633, 869091987, 90
1635361633, 875093936, 90
1635361633, 881119012, 90
1635361633, 887156009, 90
1635361633, 893115997, 90
1635361633, 899122953, 90
1635361633, 905158042, 90
1635361633, 911123991, 90
1635361633, 917119979, 90
1635361633, 923135995, 90
1635361633, 929095983, 90
1635361633, 935105085, 90
1635361633, 941112041, 90
1635361633, 947114944, 90
1635361633, 953126907, 90
1635361633, 959073066, 90
1635361633, 965084075, 90
1635361633, 971086978, 90
1635361633, 977087974, 90
1635361633, 983186960, 90
1635361633, 989257097, 90
1635361633, 995227098, 90
1635361634, 1195907, 90
1635361634, 7242918, 90
1635361634, 13219118, 90
1635361634, 19227981, 90
1635361634, 25263071, 90
1635361634, 31196117, 90
1635361634, 37209987, 90
1635361634, 43239116, 90
1635361634, 49268960, 90
1635361634, 55242061, 90
1635361634, 61232089, 90
1635361634, 67200899, 90
1635361634, 73132038, 90
1635361634, 79103946, 90
1635361634, 85097074, 90
1635361634, 91092109, 90
1635361634, 97091913, 90
1635361634, 103117942, 90
1635361634, 109095096, 90
1635361634, 115082025, 90
1635361634, 121120929, 90
1635361634, 127084016, 90
1635361634, 133090972, 90
1635361634, 139111995, 90
1635361634, 145082950, 90
1635361634, 151057004, 90
1635361634, 157114028, 90
1635361634, 163053035, 90
1635361634, 169107913, 90
1635361634, 175117015, 90
1635361634, 181118011, 90
1635361634, 187150955, 90
1635361634, 193106889, 90
1635361634, 199069976, 90
1635361634, 205110073, 90
1635361634, 211111068, 90
1635361634, 217092990, 90
1635361634, 223089933, 90
1635361634, 229083061, 90
1635361634, 235075950, 90
1635361634, 241123914, 90
1635361634, 247136116, 90
1635361634, 253072977, 90
1635361634, 259093999, 90
1635361634, 265132904, 90
1635361634, 271131992, 90
1635361634, 277091979, 90
1635361634, 283103942, 90
1635361634, 289103984, 90
1635361634, 295119047, 90
1635361634, 301156044, 90
1635361634, 307137966, 90
1635361634, 313117027, 90
1635361634, 319113016, 90
1635361634, 325094938, 90
1635361634, 331103086, 90
1635361634, 337084054, 90
1635361634, 343101024, 90
1635361634, 349126100, 90
1635361634, 355113983, 90
1635361634, 361074924, 90
1635361634, 367100000, 90
1635361634, 373095989, 90
1635361634, 379102945, 90
1635361634, 385102033, 90
1635361634, 391088962, 90
1635361634, 397082090, 90
1635361634, 403096914, 90
1635361634, 409092903, 90
1635361634, 415075063, 90
1635361634, 421102046, 90
1635361634, 427067995, 90
1635361634, 433101892, 90
1635361634, 439110040, 90
1635361634, 445075988, 90
1635361634, 451078891, 90
1635361634, 457087039, 90
1635361634, 463083982, 90
1635361634, 469065904, 90
1635361634, 475111007, 90
1635361634, 481090068, 90
1635361634, 487118005, 90
1635361634, 493119955, 90
1635361634, 499090909, 90
1635361634, 505141973, 90
1635361634, 511059999, 90
1635361634, 517093896, 90
1635361634, 523099899, 90
1635361634, 529088973, 90
1635361634, 535073995, 90
1635361634, 541129112, 90
1635361634, 547132968, 90
1635361634, 553123950, 90
1635361634, 559083938, 90
1635361634, 565115928, 90
1635361634, 571089029, 90
1635361634, 577074050, 90
1635361634, 583086967, 90
1635361634, 589122056, 90
1635361634, 595098972, 90
1635361634, 601099967, 90
1635361634, 607140064, 90
1635361634, 613107919, 90
1635361634, 619093894, 90
1635361634, 625106096, 90
1635361634, 631131887, 90
1635361634, 637154102, 90
1635361634, 643115997, 90
1635361634, 649117946, 90
1635361634, 655075073, 90
1635361634, 661099910, 90
1635361634, 667119979, 90
1635361634, 673085927, 90
1635361634, 679150104, 90
1635361634, 685100078, 90
1635361634, 691252946, 90
1635361634, 697099924, 90
1635361634, 703094005, 90
1635361634, 709108114, 90
1635361634, 715112924, 90
1635361634, 721067905, 90
1635361634, 727097034, 90
1635361634, 733117103, 90
1635361634, 739099979, 90
1635361634, 745117902, 90
1635361634, 751094102, 90
1635361634, 757141113, 90
1635361634, 763115882, 90
1635361634, 769153118, 90
1635361634, 775064945, 90
1635361634, 781101942, 90
1635361634, 787101984, 90
1635361634, 793096065, 90
1635361634, 799120903, 90
1635361634, 805109977, 90
1635361634, 811120986, 90
1635361634, 817097902, 90
1635361634, 823070049, 90
1635361634, 829098939, 90
1635361634, 835092067, 90
1635361634, 841093063, 90
1635361634, 847103118, 90
1635361634, 853132963, 90
1635361634, 859091043, 90
1635361634, 865103960, 90
1635361634, 871124982, 90
1635361634, 877130031, 90
1635361634, 883132934, 90
1635361634, 889092922, 90
1635361634, 895082950, 90
1635361634, 901086091, 90
1635361634, 907115936, 90
1635361634, 913120985, 90
1635361634, 919094085, 90
1635361634, 925081014, 90
1635361634, 931077957, 90
1635361634, 937093019, 90
1635361634, 943094015, 90
1635361634, 949095964, 90
1635361634, 955050945, 90
1635361634, 961050987, 90
1635361634, 967044115, 90
1635361634, 973076105, 90
1635361634, 979077100, 90
1635361634, 985045909, 90
1635361634, 991070985, 90
1635361634, 997071981, 90
1635361635, 3092050, 90
1635361635, 9095907, 90
1635361635, 15090942, 90
1635361635, 21054029, 90
1635361635, 27110099, 90
1635361635, 33102035, 90
1635361635, 39081096, 90
1635361635, 45193910, 90
1635361635, 51145076, 90
1635361635, 57138919, 90
1635361635, 63173055, 90
1635361635, 69143056, 90
1635361635, 75129985, 90
1635361635, 81259012, 90
1635361635, 87228059, 90
1635361635, 93173027, 90
1635361635, 99201917, 90
1635361635, 105228900, 90
1635361635, 111207008, 90
1635361635, 117233991, 90
1635361635, 123265981, 90
1635361635, 129255056, 90
1635361635, 135238885, 90
1635361635, 141284942, 90
1635361635, 147372961, 90
1635361635, 153238058, 90
1635361635, 159208059, 90
1635361635, 165226936, 90
1635361635, 171252012, 90
1635361635, 177169084, 90
1635361635, 183206081, 90
1635361635, 189245939, 90
1635361635, 195216894, 90
1635361635, 201215028, 90
1635361635, 207257986, 90
1635361635, 213232994, 90
1635361635, 219274997, 90
1635361635, 225259065, 90
1635361635, 231182098, 90
1635361635, 237220048, 90
1635361635, 243248939, 90
1635361635, 249236106, 90
1635361635, 255162954, 90
1635361635, 261212110, 90
1635361635, 267213106, 90
1635361635, 273225069, 90
1635361635, 279237031, 90
1635361635, 285228967, 90
1635361635, 291217088, 90
1635361635, 297234058, 90
1635361635, 303221940, 90
1635361635, 309245109, 90
1635361635, 315181016, 90
1635361635, 321228027, 90
1635361635, 327178955, 90
1635361635, 333281993, 90
1635361635, 339229106, 90
1635361635, 345160961, 90
1635361635, 351196050, 90
1635361635, 357211112, 90
1635361635, 363157033, 90
1635361635, 369163990, 90
1635361635, 375174045, 90
1635361635, 381187915, 90
1635361635, 387249946, 90
1635361635, 393265008, 90
1635361635, 399250030, 90
1635361635, 405235052, 90
1635361635, 411199092, 90
1635361635, 417208909, 90
1635361635, 423144102, 90
1635361635, 429142951, 90
1635361635, 435184001, 90
1635361635, 441196918, 90
1635361635, 447173118, 90
1635361635, 453226089, 90
1635361635, 459256887, 90
1635361635, 465234994, 90
1635361635, 471260070, 90
1635361635, 477248907, 90
1635361635, 483256101, 90
1635361635, 489249944, 90
1635361635, 495203971, 90
1635361635, 501235008, 90
1635361635, 507220029, 90
1635361635, 513253927, 90
1635361635, 519190073, 90
1635361635, 525265932, 90
1635361635, 531189918, 90
1635361635, 537221908, 90
1635361635, 543224096, 90
1635361635, 549226045, 90
1635361635, 555222034, 90
1635361635, 561249971, 90
1635361635, 567241907, 90
1635361635, 573247909, 90
1635361635, 579256057, 90
1635361635, 585258960, 90
1635361635, 591181039, 90
1635361635, 597202062, 90
1635361635, 603240966, 90
1635361635, 609234094, 90
1635361635, 615292072, 90
1635361635, 621193885, 90
1635361635, 627214908, 90
1635361635, 633178949, 90
1635361635, 639194011, 90
1635361635, 645117998, 90
1635361635, 651113033, 90
1635361635, 657263994, 90
1635361635, 663212060, 90
1635361635, 669210910, 90
1635361635, 675230979, 90
1635361635, 681220054, 90
1635361635, 687226057, 90
1635361635, 693264007, 90
1635361635, 699227094, 90
1635361635, 705229997, 90
1635361635, 711215972, 90
1635361635, 717209100, 90
1635361635, 723145008, 90
1635361635, 729163885, 90
1635361635, 735127925, 90
1635361635, 741100072, 90
1635361635, 747088909, 90
1635361635, 753113985, 90
1635361635, 759130001, 90
1635361635, 765093088, 90
1635361635, 771114110, 90
1635361635, 777070045, 90
1635361635, 783123016, 90
1635361635, 789069890, 90
1635361635, 795124053, 90
1635361635, 801109075, 90
1635361635, 807204008, 90
1635361635, 813276052, 90
1635361635, 819202899, 90
1635361635, 825246095, 90
1635361635, 831207036, 90
1635361635, 837173938, 90
1635361635, 843144893, 90
1635361635, 849093914, 90
1635361635, 855149984, 90
1635361635, 861171960, 90
1635361635, 867213010, 90
1635361635, 873142004, 90
1635361635, 879153013, 90
1635361635, 885176897, 90
1635361635, 891177892, 90
1635361635, 897145032, 90
1635361635, 903140068, 90
1635361635, 909267902, 90
1635361635, 915282011, 90
1635361635, 921221971, 90
1635361635, 927249908, 90
1635361635, 933274030, 90
1635361635, 939204931, 90
1635361635, 945267915, 90
1635361635, 951176881, 90
1635361635, 957210063, 90
1635361635, 963262081, 90
1635361635, 969264030, 90
1635361635, 975194931, 90
1635361635, 981230020, 90
1635361635, 987255096, 90
1635361635, 993251085, 90
1635361635, 999243974, 90
1635361636, 5266904, 90
1635361636, 11174917, 90
1635361636, 17204046, 90
1635361636, 23225069, 90
1635361636, 29222965, 90
1635361636, 35197019, 90
1635361636, 41196107, 90
1635361636, 47178983, 90
1635361636, 53180932, 90
1635361636, 59267044, 90
1635361636, 65247058, 90
1635361636, 71264028, 90
1635361636, 77240943, 90
1635361636, 83165884, 90
1635361636, 89214086, 90
1635361636, 95163106, 90
1635361636, 101135015, 90
1635361636, 107120037, 90
1635361636, 113133907, 90
1635361636, 119082927, 90
1635361636, 125104904, 90
1635361636, 131103992, 90
1635361636, 137135982, 90
1635361636, 143209934, 90
1635361636, 149240016, 90
1635361636, 155188083, 90
1635361636, 161211013, 90
1635361636, 167188882, 90
1635361636, 173180103, 90
1635361636, 179269075, 90
1635361636, 185189962, 90
1635361636, 191234111, 90
1635361636, 197212934, 90
1635361636, 203186035, 90
1635361636, 209239006, 90
1635361636, 215224981, 90
1635361636, 221215009, 90
1635361636, 227154970, 90
1635361636, 233197927, 90
1635361636, 239207029, 90
1635361636, 245220899, 90
1635361636, 251208066, 90
1635361636, 257211923, 90
1635361636, 263194084, 90
1635361636, 269233942, 90
1635361636, 275249004, 90
1635361636, 281200885, 90
1635361636, 287204980, 90
1635361636, 293266057, 90
1635361636, 299257040, 90
1635361636, 305196046, 90
1635361636, 311258077, 90
1635361636, 317279100, 90
1635361636, 323247909, 90
1635361636, 329260110, 90
1635361636, 335236072, 90
1635361636, 341206073, 90
1635361636, 347215890, 90
1635361636, 353213071, 90
1635361636, 359169006, 90
1635361636, 365222930, 90
1635361636, 371165990, 90
1635361636, 377186059, 90
1635361636, 383177042, 90
1635361636, 389234066, 90
1635361636, 395178079, 90
1635361636, 401226997, 90
1635361636, 407258987, 90
1635361636, 413228988, 90
1635361636, 419229030, 90
1635361636, 425218105, 90
1635361636, 431262016, 90
1635361636, 437218904, 90
1635361636, 443221092, 90
1635361636, 449228048, 90
1635361636, 455212116, 90
1635361636, 461241960, 90
1635361636, 467221975, 90
1635361636, 473218917, 90
1635361636, 479211091, 90
1635361636, 485220909, 90
1635361636, 491221904, 90
1635361636, 497222900, 90
1635361636, 503248929, 90
1635361636, 509275913, 90
1635361636, 515295982, 90
1635361636, 521225929, 90
1635361636, 527240037, 90
1635361636, 533229112, 90
1635361636, 539211034, 90
1635361636, 545233011, 90
1635361636, 551224946, 90
1635361636, 557230949, 90
1635361636, 563209056, 90
1635361636, 569215059, 90
1635361636, 575182914, 90
1635361636, 581254005, 90
1635361636, 587218999, 90
1635361636, 593271970, 90
1635361636, 599251031, 90
1635361636, 605237960, 90
1635361636, 611262083, 90
1635361636, 617290973, 90
1635361636, 623301029, 90
1635361636, 629187107, 90
1635361636, 635163068, 90
1635361636, 641186952, 90
1635361636, 647134065, 90
1635361636, 653172016, 90
1635361636, 659100055, 90
1635361636, 665076971, 90
1635361636, 671097993, 90
1635361636, 677067041, 90
1635361636, 683087110, 90
1635361636, 689093112, 90
1635361636, 695226907, 90
1635361636, 701297998, 88
1635361636, 707303047, 88
1635361636, 713274002, 88
1635361636, 719271898, 88
1635361636, 725317955, 88
1635361636, 731204986, 88
1635361636, 737241983, 88
1635361636, 743233919, 88
1635361636, 749193906, 88
1635361636, 755156993, 83
1635361636, 761156082, 83
1635361636, 767107963, 83
1635361636, 773119926, 83
1635361636, 779077053, 83
1635361636, 785074949, 83
1635361636, 791085004, 83
1635361636, 797075033, 83
1635361636, 803070068, 77
1635361636, 809117078, 77
1635361636, 815171957, 77
1635361636, 821111917, 77
1635361636, 827162027, 77
1635361636, 833127021, 77
1635361636, 839168071, 77
1635361636, 845149040, 77
1635361636, 851177930, 70
1635361636, 857144117, 70
1635361636, 863212108, 70
1635361636, 869244098, 70
1635361636, 875252008, 70
1635361636, 881223917, 70
1635361636, 887258052, 70
1635361636, 893260002, 70
1635361636, 899307966, 70
1635361636, 905215024, 63
1635361636, 911196947, 63
1635361636, 917227983, 63
1635361636, 923285007, 63
1635361636, 929176092, 63
1635361636, 935250997, 63
1635361636, 941239118, 63
1635361636, 947223901, 63
1635361636, 953155040, 56
1635361636, 959233045, 56
1635361636, 965187072, 56
1635361636, 971220016, 56
1635361636, 977207899, 56
1635361636, 983211994, 56
1635361636, 989192962, 56
1635361636, 995207071, 56
1635361637, 1240968, 50
1635361637, 7225990, 50
1635361637, 13227939, 50
1635361637, 19222021, 50
1635361637, 25212049, 50
1635361637, 31172037, 50
1635361637, 37241935, 50
1635361637, 43215990, 50
1635361637, 49254894, 50
1635361637, 55171966, 43
1635361637, 61139106, 43
1635361637, 67097902, 43
1635361637, 73093891, 43
1635361637, 79154968, 43
1635361637, 85176944, 43
1635361637, 91245889, 43
1635361637, 97218036, 43
1635361637, 103188037, 37
1635361637, 109230995, 37
1635361637, 115292072, 37
1635361637, 121265888, 37
1635361637, 127257108, 37
1635361637, 133234024, 37
1635361637, 139524936, 37
1635361637, 145224094, 37
1635361637, 151174068, 31
1635361637, 157130002, 31
1635361637, 163137912, 31
1635361637, 169109106, 31
1635361637, 175101995, 31
1635361637, 181128025, 31
1635361637, 187099933, 31
1635361637, 193227052, 31
1635361637, 199218034, 31
1635361637, 205265998, 25
1635361637, 211281061, 25
1635361637, 217238903, 25
1635361637, 223155021, 25
1635361637, 229090929, 25
1635361637, 235115051, 25
1635361637, 241096019, 25
1635361637, 247123003, 25
1635361637, 253133058, 19
1635361637, 259129047, 19
1635361637, 265125989, 19
1635361637, 271135091, 19
1635361637, 277089118, 19
1635361637, 283119916, 19
1635361637, 289177894, 19
1635361637, 295128107, 19
1635361637, 301120996, 12
1635361637, 307118892, 12
1635361637, 313090085, 12
1635361637, 319119930, 12
1635361637, 325097084, 12
1635361637, 331104040, 12
1635361637, 337130069, 12
1635361637, 343126058, 12
1635361637, 349102020, 12
1635361637, 355098962, 6
1635361637, 361130952, 6
1635361637, 367105007, 6
1635361637, 373110055, 6
1635361637, 379096031, 6
1635361637, 385127067, 6
1635361637, 391084909, 6
1635361637, 397094964, 6
1635361637, 403110980, 1
1635361637, 409100055, 1
1635361637, 415097951, 1
1635361637, 421119928, 1
1635361637, 427098035, 1
1635361637, 433132886, 1
1635361637, 439116954, 1
1635361637, 445115089, 1
1635361637, 451105117, 1
1635361637, 457153081, 1
1635361637, 463186025, 1
1635361637, 469134092, 1
1635361637, 475202083, 1
1635361637, 481138944, 1
1635361637, 487297058, 1
1635361637, 493194103, 1
1635361637, 499213933, 1
1635361637, 505242109, 1
1635361637, 511205911, 1
1635361637, 517213106, 1
1635361637, 523252964, 1
1635361637, 529232025, 1
1635361637, 535151004, 1
1635361637, 541153907, 1
1635361637, 547138929, 1
1635361637, 553132057, 1
1635361637, 559103012, 1
1635361637, 565126895, 1
1635361637, 571104049, 1
1635361637, 577130079, 1
1635361637, 583084106, 1
1635361637, 589076995, 1
1635361637, 595060110, 1
1635361637, 601079940, 1
1635361637, 607094049, 1
1635361637, 613106012, 1
1635361637, 619088888, 1
1635361637, 625134944, 1
1635361637, 631103038, 1
1635361637, 637121915, 1
1635361637, 643112897, 1
1635361637, 649131059, 1
1635361637, 655070066, 1
1635361637, 661094903, 1
1635361637, 667095899, 1
1635361637, 673073053, 1
1635361637, 679056882, 1
1635361637, 685085058, 1
1635361637, 691082954, 1
1635361637, 697108030, 1
1635361637, 703099012, 1
1635361637, 709100008, 1
1635361637, 715087890, 1
1635361637, 721090078, 1
1635361637, 727125883, 1
1635361637, 733138084, 1
1635361637, 739098072, 1
1635361637, 745059967, 1
1635361637, 751069068, 1
1635361637, 757103919, 1
1635361637, 763086080, 1
1635361637, 769063949, 1
1635361637, 775058984, 1
1635361637, 781075000, 1
1635361637, 787091970, 1
1635361637, 793072938, 1
1635361637, 799133062, 1
1635361637, 805125951, 1
1635361637, 811058998, 1
1635361637, 817078113, 1
1635361637, 823101043, 1
1635361637, 829129934, 1
1635361637, 835102081, 1
1635361637, 841065883, 1
1635361637, 847091913, 1
1635361637, 853070974, 1
1635361637, 859069108, 1
1635361637, 865066051, 1
1635361637, 871066093, 1
1635361637, 877074003, 1
1635361637, 883069038, 1
1635361637, 889103889, 1
1635361637, 895052909, 1
1635361637, 901050090, 1
1635361637, 907087087, 1
1635361637, 913094043, 1
1635361637, 919106960, 1
1635361637, 925075054, 1
1635361637, 931065082, 1
1635361637, 937119007, 1
1635361637, 943103075, 1
1635361637, 949090957, 1
1635361637, 955080032, 1
1635361637, 961119890, 1
1635361637, 967116117, 1
1635361637, 973093986, 1
1635361637, 979104042, 1
1635361637, 985075950, 1
1635361637, 991096973, 1
1635361637, 997093915, 1
1635361638, 3106117, 1
1635361638, 9125947, 1
1635361638, 15094041, 1
1635361638, 21094083, 1
1635361638, 27107954, 1
1635361638, 33107042, 1
1635361638, 39115905, 1
1635361638, 45090913, 1
1635361638, 51090955, 1
1635361638, 57085990, 1
1635361638, 63086032, 1
1635361638, 69106101, 1
1635361638, 75093030, 1
1635361638, 81067085, 1
1635361638, 87064981, 1
1635361638, 93040943, 1
1635361638, 99081993, 1
1635361638, 105148077, 1
1635361638, 111104011, 1
1635361638, 117095947, 1
1635361638, 123100996, 1
1635361638, 129092931, 1
1635361638, 135094881, 1
1635361638, 141077041, 1
1635361638, 147105932, 1
1635361638, 153084993, 1
1635361638, 159113883, 1
1635361638, 165111064, 1
1635361638, 171109914, 1
1635361638, 177076101, 1
1635361638, 183075904, 1
1635361638, 189117908, 1
1635361638, 195095062, 1
1635361638, 201109886, 1
1635361638, 207084894, 1
1635361638, 213094949, 1
1635361638, 219121932, 1
1635361638, 225116014, 1
1635361638, 231103897, 1
1635361638, 237128973, 1
1635361638, 243119001, 1
1635361638, 249123096, 1
1635361638, 255074024, 1
1635361638, 261105060, 1
1635361638, 267121076, 1
1635361638, 273075103, 1
1635361638, 279073953, 1
1635361638, 285101890, 1
1635361638, 291070938, 1
1635361638, 297072887, 1
1635361638, 303095102, 1
1635361638, 309086084, 1
1635361638, 315057992, 1
1635361638, 321114063, 1
1635361638, 327157020, 1
1635361638, 333086013, 1
1635361638, 339106082, 1
1635361638, 345076084, 1
1635361638, 351058006, 1
1635361638, 357075929, 1
1635361638, 363084077, 1
1635361638, 369092941, 1
1635361638, 375063896, 1
1635361638, 381055116, 1
1635361638, 387084960, 1
1635361638, 393086910, 1
1635361638, 399087905, 1
1635361638, 405069112, 1
1635361638, 411062002, 1
1635361638, 417052984, 1
1635361638, 423058032, 1
1635361638, 429156064, 1
1635361638, 435092926, 1
1635361638, 441087007, 1
1635361638, 447063922, 1
1635361638, 453073024, 1
1635361638, 459074974, 1
1635361638, 465084075, 1
1635361638, 471079111, 1
1635361638, 477082967, 1
1635361638, 483089923, 1
1635361638, 489125013, 1
1635361638, 495101928, 1
1635361638, 501099109, 1
1635361638, 507080078, 1
1635361638, 513106107, 1
1635361638, 519093990, 1
1635361638, 525171041, 1
1635361638, 531124114, 1
1635361638, 537077903, 1
1635361638, 543078899, 1
1635361638, 549097061, 1
1635361638, 555069923, 1
1635361638, 561109066, 1
1635361638, 567091941, 1
1635361638, 573070049, 1
1635361638, 579071044, 1
1635361638, 585097074, 1
1635361638, 591072082, 1
1635361638, 597075939, 1
1635361638, 603065967, 1
1635361638, 609062910, 1
1635361638, 615092039, 1
1635361638, 621100902, 1
1635361638, 627111911, 1
1635361638, 633187055, 1
1635361638, 639111042, 1
1635361638, 645102024, 1
1635361638, 651067018, 1
1635361638, 657079935, 1
1635361638, 663078069, 1
1635361638, 669070005, 1
1635361638, 675087928, 1
1635361638, 681109905, 1
1635361638, 687092065, 1
1635361638, 693084001, 1
1635361638, 699114084, 1
1635361638, 705116033, 1
1635361638, 711088895, 1
1635361638, 717107057, 1
1635361638, 723061084, 1
1635361638, 729136943, 1
1635361638, 735110998, 1
1635361638, 741085052, 1
1635361638, 747112035, 1
1635361638, 753108024, 1
1635361638, 759093999, 1
1635361638, 765085935, 1
1635361638, 771109104, 1
1635361638, 777074098, 1
1635361638, 783075094, 1
1635361638, 789123058, 1
1635361638, 795051097, 1
1635361638, 801101922, 1
1635361638, 807070970, 1
1635361638, 813330888, 1
1635361638, 819084882, 1
1635361638, 825095891, 1
1635361638, 831135034, 1
1635361638, 837095975, 1
1635361638, 843063116, 1
1635361638, 849086046, 1
1635361638, 855083942, 1
1635361638, 861077070, 1
1635361638, 867053985, 1
1635361638, 873071908, 1
1635361638, 879110097, 1
1635361638, 885116100, 1
1635361638, 891086101, 1
1635361638, 897099971, 1
1635361638, 903081893, 1
1635361638, 909086942, 1
1635361638, 915066957, 1
1635361638, 921112060, 1
1635361638, 927083015, 1
1635361638, 933116912, 1
1635361638, 939078092, 1
1635361638, 945064067, 1
1635361638, 951061964, 1
1635361638, 957087039, 1
