3.463865735456848616e-01 -4.019868012550893432e-01 3.139021231279353064e-01
3.324962081196417008e-01 -3.972329375966704434e-01 3.115311343236400465e-01
3.185925794661864652e-01 -3.925126742441798489e-01 3.091695535134791895e-01
3.047171432713289829e-01 -3.878563337237518338e-01 3.066027076023460918e-01
2.913551374042572251e-01 -3.835403115190212375e-01 3.013521316516145632e-01
2.779135141080125715e-01 -3.796220877631704127e-01 2.957578559485483094e-01
2.644571149530057230e-01 -3.758354955301975719e-01 2.900858184734949052e-01
2.504986448856378889e-01 -3.729874958772457783e-01 2.849574245070164435e-01
2.365000709589781536e-01 -3.702457444644560169e-01 2.798534953586688800e-01
2.225049019302080822e-01 -3.675587838112200911e-01 2.747096497403218596e-01
2.085444779827130279e-01 -3.648743890250488731e-01 2.694706587960612465e-01
1.946175690940896152e-01 -3.622132125171184103e-01 2.641359054623151348e-01
1.806722666338382299e-01 -3.596667943164263970e-01 2.587943810558895885e-01
1.667296967041333455e-01 -3.571730259628211335e-01 2.534178379277644000e-01
1.527897854112363618e-01 -3.547310411650078654e-01 2.480087883872255650e-01
1.388600695405375618e-01 -3.523204312902106228e-01 2.425592785911432903e-01
1.249415943055961625e-01 -3.499595133667486868e-01 2.370564664554172807e-01
1.110448201477816366e-01 -3.476262438243168940e-01 2.314856505418838584e-01
9.717380726985674899e-02 -3.453078189324392255e-01 2.258414168743841377e-01
8.331573009415792208e-02 -3.430637248399133754e-01 2.201358076463153512e-01
6.947925388634361432e-02 -3.408780508598466263e-01 2.143587198897628221e-01
5.569042831378004377e-02 -3.386813684984262829e-01 2.084689920802749730e-01
4.193971739055885051e-02 -3.364634334923146675e-01 2.024934221640979359e-01
2.822633478406934293e-02 -3.342338287881827519e-01 1.964336457459000818e-01
1.454588188774175173e-02 -3.319985473087430639e-01 1.903035029713627813e-01
8.908458083114884074e-04 -3.297963600072902901e-01 1.841107452666446709e-01
-1.272265531082078516e-02 -3.276756504761964561e-01 1.777967123752414447e-01
-2.630861524937655460e-02 -3.256213187751378912e-01 1.714063592852009543e-01
-3.986618456935087096e-02 -3.236232234207108704e-01 1.649654774881231245e-01
-5.331803088380145106e-02 -3.217023228954831171e-01 1.585444528432891631e-01
-6.570118922271830919e-02 -3.200887022533890347e-01 1.528368122045438149e-01
-6.558962829381162485e-02 -3.218903916052147096e-01 1.562814643652578606e-01
-6.444674642445448465e-02 -3.240018632167212531e-01 1.604852334511736589e-01
-6.339156432703733912e-02 -3.262247449202443916e-01 1.647459866328909728e-01
-6.235426642805606823e-02 -3.284616324932065901e-01 1.690123673544770000e-01
-6.135577768498337581e-02 -3.306782370319473752e-01 1.733016755779160367e-01
-6.037216135663774075e-02 -3.329033971290835670e-01 1.775897608045300946e-01
-5.939515775614070958e-02 -3.351762167261614911e-01 1.818570182026555959e-01
-5.843376982852796497e-02 -3.374801728225615416e-01 1.861107300666423048e-01
-5.749594734352830860e-02 -3.398766815700654531e-01 1.903166647801502465e-01
-5.659942712376916929e-02 -3.423215214198033207e-01 1.945037862929457351e-01
-5.572896962611040284e-02 -3.447974505599505912e-01 1.986780709579662185e-01
-5.486774680976376495e-02 -3.473439834327766151e-01 2.028096263363810547e-01
-5.401006685525502893e-02 -3.499653425150545116e-01 2.068939318070932287e-01
-5.315204713566334949e-02 -3.527159628888445475e-01 2.108932691053114761e-01
-5.229096610058978079e-02 -3.555472887525676917e-01 2.148358578159472176e-01
-5.141732652131741910e-02 -3.584413344740289276e-01 2.187306808713783968e-01
-5.053734902199093909e-02 -3.613869515309995895e-01 2.225851082584428264e-01
-4.965908602768873137e-02 -3.643719911424965208e-01 2.264094134811023007e-01
-4.877211230291169514e-02 -3.673876639712257974e-01 2.302077291919278346e-01
-4.786208863995179003e-02 -3.704778797825924452e-01 2.339388012255375071e-01
-4.693318289830603757e-02 -3.736114772681231044e-01 2.376285043950336351e-01
-4.598653078082972495e-02 -3.767909517219839577e-01 2.412732577038178561e-01
-4.500269434275906005e-02 -3.800576953784123302e-01 2.448297285097727483e-01
-4.400698618815326174e-02 -3.833834396022989810e-01 2.483274484533869453e-01
-4.299352314348260651e-02 -3.867676656245406797e-01 2.517638255115773327e-01
-4.196869767555461844e-02 -3.902142232546135792e-01 2.551342705884174222e-01
-4.092669353297742618e-02 -3.937288434129597170e-01 2.584284325514851210e-01
-3.987388157192588156e-02 -3.972842875696044329e-01 2.616750553032632931e-01
-3.880874532255669529e-02 -4.008932161872706401e-01 2.648584131730799540e-01
-3.773842174937762362e-02 -4.045251576756643264e-01 2.680140565301045164e-01
-3.666451381796106274e-02 -4.081928671491076299e-01 2.711273972987501280e-01
-3.559444445926892436e-02 -4.118907951893102104e-01 2.742070424270680040e-01
-3.453119763973829665e-02 -4.156354884375342840e-01 2.772322313163369523e-01
-3.348179983153426464e-02 -4.194230485121393515e-01 2.802081535412798696e-01
-3.246168066204976194e-02 -4.232610518919494025e-01 2.831293148366718637e-01
-3.149539375664637403e-02 -4.271529924528864042e-01 2.859961332183989513e-01
-3.057423619849028440e-02 -4.310752966589428414e-01 2.888371997740558639e-01
-2.972596232572639538e-02 -4.350537408846676390e-01 2.916230414991591857e-01
-2.891837212217896261e-02 -4.390849069016865003e-01 2.943441317461256146e-01
-2.814661974357662855e-02 -4.431636349795360363e-01 2.970043690326082397e-01
-2.740138677436197018e-02 -4.472746944906517141e-01 2.996235392159597444e-01
-2.667818687799116892e-02 -4.514379009713164193e-01 3.021656561849555001e-01
-2.597191154750715797e-02 -4.556440635170075359e-01 3.046416954092969198e-01
-2.528456065432205593e-02 -4.598897236919322062e-01 3.070554778813630592e-01
-2.463388810365092427e-02 -4.641827242570518708e-01 3.093946753307279529e-01
-2.400937020299684366e-02 -4.685219780997751382e-01 3.116553032514142174e-01
-2.343759876484016735e-02 -4.729098547077588144e-01 3.138352496140390802e-01
-2.291286015556104338e-02 -4.773404823702506183e-01 3.159385543798758911e-01
-2.252062267061721856e-02 -4.818459672437093166e-01 3.178981269398342691e-01
-2.246994000573493411e-02 -4.864839933360716739e-01 3.195562941596719053e-01
-2.244204391754811567e-02 -4.911445983408666560e-01 3.211550400459103338e-01
-2.240380251023735281e-02 -4.958169086768335343e-01 3.227189800252591168e-01
-2.236424439164801797e-02 -5.004980420872019442e-01 3.242568557311406585e-01
-2.233182891132224485e-02 -5.051908027397938872e-01 3.257591551486921921e-01
-2.230630058534681381e-02 -5.099008396772568563e-01 3.272063758732496885e-01
-2.228674414891949201e-02 -5.146227239616578686e-01 3.286138897387821944e-01
-2.227121146757221962e-02 -5.193597674293791711e-01 3.299684888578132136e-01
-2.226069255320509144e-02 -5.241177254799267438e-01 3.312459872158547425e-01
-2.226831445646398899e-02 -5.289023044769431969e-01 3.324196864114402072e-01
-2.229878457025101512e-02 -5.336999710086193227e-01 3.335437671540913973e-01
-2.233720449068150871e-02 -5.385044438074777506e-01 3.346410524155989386e-01
-2.238601681931660925e-02 -5.433152439776431919e-01 3.357115548173003061e-01
-2.244003667706667704e-02 -5.481316505667331862e-01 3.367578365279092489e-01
-2.249328430081015684e-02 -5.529510341205479129e-01 3.377925344003062103e-01
-2.255317823200514438e-02 -5.577742517503572195e-01 3.388108578711107044e-01
-2.261551219311132288e-02 -5.626008273471638788e-01 3.398138885151805733e-01
-2.267530947139331787e-02 -5.674309749662356239e-01 3.408012108164023557e-01
-2.273360848386309085e-02 -5.722643937404575665e-01 3.417727723736240786e-01
-2.278940547063515454e-02 -5.770999167100806515e-01 3.427341465444650459e-01
