3.463904458411396492e-01 -4.019894819492509930e-01 3.139039280606106264e-01
3.351862960738947184e-01 -4.072243939528908951e-01 3.225770472605934414e-01
3.239405093439629013e-01 -4.121129996079748170e-01 3.316012016094014303e-01
3.127213062227900409e-01 -4.168659068095726394e-01 3.412559377005361383e-01
3.013601966391699083e-01 -4.210577517448556573e-01 3.510170939884113550e-01
2.894408537115377711e-01 -4.246355446844054526e-01 3.599145069117929419e-01
2.775086334650074260e-01 -4.265691500172958950e-01 3.687853295696023048e-01
2.667833227265342666e-01 -4.252207144961089869e-01 3.789136514989469573e-01
2.599972759105375619e-01 -4.168833225649385410e-01 3.924384273230350217e-01
2.567010441526398901e-01 -4.138055119792004022e-01 4.077767690603323891e-01
2.535307617565437655e-01 -4.132893634794988502e-01 4.221660114428155697e-01
2.468639099012704952e-01 -4.148500086461241465e-01 4.318169272154841476e-01
2.295814003068679665e-01 -4.200793727066973737e-01 4.282019625044645728e-01
2.086162893041309252e-01 -4.263441730484716086e-01 4.188004844295697415e-01
1.868972052589540633e-01 -4.326269153283878732e-01 4.062259026734623690e-01
1.655942005413036933e-01 -4.386147307781346205e-01 3.913464519449179058e-01
1.450105817308160461e-01 -4.443450984877296284e-01 3.753499374900998165e-01
1.246545116109918222e-01 -4.467850214090486327e-01 3.589934373844412274e-01
1.079962820060657858e-01 -4.463197844369478084e-01 3.388312343729160681e-01
9.471508285838926844e-02 -4.427614260860358586e-01 3.159363094343902167e-01
8.049388558206405087e-02 -4.356262861565736721e-01 2.946791181042555108e-01
6.499574937313819245e-02 -4.249323274221806779e-01 2.764622605301430003e-01
4.881626355192020261e-02 -4.107233506709972448e-01 2.615791064228706331e-01
3.287247546322608072e-02 -3.937818005437505597e-01 2.493846178451651352e-01
1.799240120074359350e-02 -3.757923245296566628e-01 2.376979563326728773e-01
4.651643201432562047e-03 -3.580627378728171162e-01 2.246596126204098709e-01
-8.364905872806221998e-03 -3.423320312235066942e-01 2.102630649043846778e-01
-2.213661942290082174e-02 -3.315811796511942688e-01 1.947627851027466106e-01
-3.799163628720929331e-02 -3.271005599823509913e-01 1.809069335580215931e-01
-5.212489400227299230e-02 -3.250160081621704666e-01 1.725531915361474822e-01
-5.875544856943965000e-02 -3.219747615528752993e-01 1.799212015698748723e-01
-6.180807576532814512e-02 -3.187706786743771947e-01 1.927440886849524637e-01
-6.302978038690901230e-02 -3.156310743434253552e-01 2.073974865612127627e-01
-6.325539038446584272e-02 -3.134104199574522243e-01 2.227722423346060465e-01
-6.321899668578676024e-02 -3.123865316970343975e-01 2.380256390436325253e-01
-6.318924645435314291e-02 -3.133597218727443012e-01 2.529437992309581107e-01
-6.303051948734572640e-02 -3.164835359402147219e-01 2.674453464254339385e-01
-6.230800267286942806e-02 -3.216535246196481901e-01 2.812963441481139415e-01
-6.026949572072176631e-02 -3.288768029778844637e-01 2.940035763908778188e-01
-5.616872041654769054e-02 -3.376834687848069838e-01 3.050792246563292509e-01
-5.032384511090043366e-02 -3.472170941378656117e-01 3.145542355097316056e-01
-4.334641919034595836e-02 -3.563620492788941441e-01 3.231139646299416301e-01
-3.600304666498460593e-02 -3.647259308390049526e-01 3.305124981927071159e-01
-2.854508061781678430e-02 -3.735535020440330922e-01 3.331267316265661416e-01
-2.137732872410630369e-02 -3.822663516455543364e-01 3.287619898737520474e-01
-1.407699884134969853e-02 -3.910173497290148070e-01 3.233524763890167630e-01
-6.678040428918119442e-03 -3.999297984113926452e-01 3.204783784071280062e-01
-4.248984801693278524e-04 -4.087631275865819536e-01 3.229798796071770006e-01
4.241215268271245065e-03 -4.162885916785133977e-01 3.298990528907034814e-01
7.178708768040539812e-03 -4.213128986261709397e-01 3.395306796869986266e-01
6.821967475449802754e-03 -4.250230412664486312e-01 3.496415272029479993e-01
2.441020039473384973e-03 -4.284100362533272977e-01 3.579857949885746904e-01
-1.084934941424253729e-03 -4.351678219007126813e-01 3.615346594496947619e-01
-3.597183624610450492e-03 -4.438404540685882971e-01 3.605846738521069628e-01
-5.554930894370785355e-03 -4.526502960851566115e-01 3.566287562827917257e-01
-7.241336771185047372e-03 -4.610438604073786584e-01 3.515642489328216769e-01
-8.866174079823194165e-03 -4.695544636140746020e-01 3.488125633694736938e-01
-1.047502523225071411e-02 -4.779575133492069972e-01 3.508774892546837609e-01
-1.201006753900467003e-02 -4.861136824061005335e-01 3.549667308841893965e-01
-1.349845982837227266e-02 -4.945124434753638831e-01 3.584105203506828818e-01
-1.470649861071776296e-02 -5.031746211435182969e-01 3.598862654319382459e-01
-1.514616222004752655e-02 -5.116576974002803313e-01 3.594662934602440574e-01
-1.481658673517524671e-02 -5.197833819437528424e-01 3.575089882515238293e-01
-1.481599408086851054e-02 -5.276874870532757278e-01 3.556107726952524861e-01
-1.557614277922775292e-02 -5.354688241533882564e-01 3.542785027016231436e-01
-1.665575886196911728e-02 -5.431536388489780487e-01 3.534030923665365531e-01
-1.767274604207106151e-02 -5.507914221162211188e-01 3.533258638661158635e-01
-1.861447781664063786e-02 -5.583267587067796134e-01 3.539562187412088612e-01
-1.958897103030973058e-02 -5.657914363542421166e-01 3.546049568453522038e-01
-2.058717375302943076e-02 -5.732229437824702956e-01 3.550435182537682310e-01
-2.151889723315515354e-02 -5.806376453156812945e-01 3.556004001648935264e-01
-2.242499288252623041e-02 -5.880414753923001170e-01 3.562015972414449561e-01
-2.332068428204965224e-02 -5.954294969870508325e-01 3.568174193102905400e-01
-2.421079076320844375e-02 -6.027809645992111554e-01 3.574328011930157922e-01
-2.509454673873868363e-02 -6.100385787408134641e-01 3.580322375238247368e-01
-2.596483611586658871e-02 -6.170511864556245119e-01 3.585842773839701958e-01
-2.680107620357714826e-02 -6.234226283602253282e-01 3.590100733867341853e-01
-2.754863502118620744e-02 -6.281155792611587962e-01 3.591045342856403755e-01
-2.806419931800194917e-02 -6.284142229593102646e-01 3.583312337303548034e-01
-2.849277723226818076e-02 -6.270346669657909100e-01 3.572214513737709263e-01
-2.889239051938170474e-02 -6.250148190956130723e-01 3.559699850638856078e-01
-2.921682202847889973e-02 -6.227411131581340742e-01 3.546798092125097446e-01
-2.922985532370342768e-02 -6.203742064110460142e-01 3.534775714043800754e-01
-2.899782137018088596e-02 -6.179703688293104458e-01 3.523579977316583789e-01
-2.865328758762216918e-02 -6.155529436909245034e-01 3.512844710936172676e-01
-2.828920199256068982e-02 -6.131321845881668731e-01 3.502479168510649887e-01
-2.790957864503535585e-02 -6.107061217493221505e-01 3.492478984946161824e-01
-2.750679172669938735e-02 -6.082721054484687695e-01 3.482758497241730811e-01
-2.711832020137891486e-02 -6.058181713988010086e-01 3.473381622416990000e-01
-2.673797726309000422e-02 -6.033379655524596652e-01 3.464424147198241211e-01
-2.634676920056101129e-02 -6.008302557674802813e-01 3.455946129624580809e-01
-2.592717020694786101e-02 -5.983032086030148911e-01 3.447963125558345387e-01
-2.552267682799012893e-02 -5.957412175444624092e-01 3.440924625904738798e-01
-2.513465083008985246e-02 -5.931544938584847326e-01 3.434820958481713538e-01
-2.473940918943841674e-02 -5.905433342785363360e-01 3.429715873968972595e-01
-2.434017209618911590e-02 -5.878942318438405978e-01 3.425790473755676580e-01
-2.394692089400130702e-02 -5.852051329884397912e-01 3.423551440423435177e-01
-2.355520967007272704e-02 -5.824990387978450368e-01 3.422997066278519185e-01
-2.317304781870163297e-02 -5.797945054446433932e-01 3.424529836501180036e-01
-2.278912857408189885e-02 -5.771001365478294343e-01 3.427340745556313184e-01
