-1.503488289099089159e-01 -5.595514736537819944e-01 2.805430215650622228e-01
-1.675007828181531710e-01 -5.802550863661073421e-01 2.391092517782534010e-01
-1.664172874684995973e-01 -5.666652366023052778e-01 2.321213612646348401e-01
-1.577096602333548370e-01 -5.473052583110058489e-01 2.289133640062171737e-01
-1.448976323636573249e-01 -5.262306125488426245e-01 2.245839981957980791e-01
-1.581430636029671488e-01 -5.119808054554958465e-01 2.241247609352662873e-01
-1.726135919752785630e-01 -4.992568936892916587e-01 2.220222010162063164e-01
-1.857602462858896630e-01 -4.938208295815065818e-01 2.109974690340223336e-01
-1.986902158283156972e-01 -4.889789017394463588e-01 1.993153374354363905e-01
-2.111543651015779510e-01 -4.823413028808235525e-01 1.886467535270280882e-01
-2.234244098327677897e-01 -4.746097101577232413e-01 1.790321631539993630e-01
-2.350767986822059896e-01 -4.651073934348977090e-01 1.712083301440247840e-01
-2.433355507334714618e-01 -4.533650524910111113e-01 1.647541419003947794e-01
-2.504222604466850854e-01 -4.403077964019581625e-01 1.610228532160494219e-01
-2.582247406091249253e-01 -4.283702411199201698e-01 1.584714840560907390e-01
-2.676064869499770182e-01 -4.280044735276088974e-01 1.642465167015831617e-01
-2.769454717697857893e-01 -4.293683770716689718e-01 1.707865571398298199e-01
-2.861520216610661249e-01 -4.314484984447921612e-01 1.772918061622289487e-01
-2.950973386571159041e-01 -4.342511380638987561e-01 1.836700938153296159e-01
-3.038597484563949069e-01 -4.373566954861937139e-01 1.900144518922252113e-01
-3.126347398359036744e-01 -4.400031917701375250e-01 1.963367104229440108e-01
-3.214461169798576434e-01 -4.419965602278645433e-01 2.028835993276226213e-01
-3.302708674298143743e-01 -4.437730895119439412e-01 2.094145954195183179e-01
-3.391890247759156707e-01 -4.452374659142623869e-01 2.158527038623011540e-01
-3.481867446674962174e-01 -4.465157231372296476e-01 2.221506367404555149e-01
-3.572571442525027119e-01 -4.476224265124006951e-01 2.283604408766519711e-01
-3.663717439711383084e-01 -4.485847825840052483e-01 2.344893823181561920e-01
-3.755239932233332967e-01 -4.492386386516306063e-01 2.406055918873317712e-01
-3.846944650244025765e-01 -4.498955013535781422e-01 2.467079994131048393e-01
-3.938986811450594927e-01 -4.506263340898595260e-01 2.527761175781640945e-01
-4.031445047361093548e-01 -4.514817490592336613e-01 2.587896631222829646e-01
-4.124770463439422219e-01 -4.526072213893085339e-01 2.646914641670244928e-01
-4.219264325098263657e-01 -4.539789356941694720e-01 2.704625026842334412e-01
-4.314977428721886721e-01 -4.553884493798256994e-01 2.760902295438437681e-01
-4.412504671853606508e-01 -4.567641263295134646e-01 2.814206540152431324e-01
-4.512200864144515489e-01 -4.578350055705538435e-01 2.863805894843803324e-01
-4.613811506805232110e-01 -4.587224563647898101e-01 2.909663981857829596e-01
-4.717698743932606797e-01 -4.589468960955717103e-01 2.950469283938796927e-01
-4.822485700517680218e-01 -4.584211380539225944e-01 2.988270337062520210e-01
-4.929126117495501447e-01 -4.575331383929178153e-01 3.021842360661758375e-01
-5.036648852593830217e-01 -4.563356883045235346e-01 3.052560569035038807e-01
-5.144692953477183472e-01 -4.548231740826215175e-01 3.080078482959839326e-01
-5.252748899347584599e-01 -4.530093491340651535e-01 3.105165300821489671e-01
-5.361693515060267368e-01 -4.510551541620128058e-01 3.125066690293274996e-01
-5.471371252337072777e-01 -4.489787822921194604e-01 3.140203183987503865e-01
-5.581839838291181577e-01 -4.468832753862734819e-01 3.146927934161766194e-01
-5.692779886250755039e-01 -4.448231618181591185e-01 3.144619063215428056e-01
-5.803764370560602348e-01 -4.429560041743814125e-01 3.133416155231328881e-01
-5.914087097138664983e-01 -4.408673960914569756e-01 3.122159831693512855e-01
-6.023214469795237225e-01 -4.383168610450609570e-01 3.115140913764781749e-01
-6.130746264693546221e-01 -4.352768168300310547e-01 3.113706783189392202e-01
-6.236138717846614332e-01 -4.317102041998392981e-01 3.118800866928012061e-01
-6.337749932455634116e-01 -4.274186959960187826e-01 3.131210205805887714e-01
-6.431597131161096437e-01 -4.219716205891884120e-01 3.151321011082864887e-01
-6.500463898751606129e-01 -4.162330159313069045e-01 3.187956099548792110e-01
-6.396838239411256621e-01 -4.238575040815590889e-01 3.254846638541960546e-01
-6.275153462915703528e-01 -4.330843554788027516e-01 3.309072525880089044e-01
-6.156738395685650289e-01 -4.438425853703984458e-01 3.346041242963875839e-01
-6.043156190798365524e-01 -4.553389028911497549e-01 3.374436459982398384e-01
-5.927935514742691536e-01 -4.666645798056843208e-01 3.400822586587907148e-01
-5.809406305723658903e-01 -4.776141059032623093e-01 3.424120203111262195e-01
-5.689145610263911523e-01 -4.882934226518529375e-01 3.449096761368672936e-01
-5.567202764073176935e-01 -4.986707375912497464e-01 3.476247122855645189e-01
-5.443649856042396262e-01 -5.087300278053324964e-01 3.502939990186393904e-01
-5.318886593903152660e-01 -5.184295111128865985e-01 3.531446107168556559e-01
-5.192548903669496063e-01 -5.277453361440450630e-01 3.560665812813685327e-01
-5.064060972716557529e-01 -5.364817159236927591e-01 3.589413620636058289e-01
-4.933520910424719630e-01 -5.444965658463433167e-01 3.618500447710000789e-01
-4.801792046433205896e-01 -5.518295156162450477e-01 3.648668252780816190e-01
-4.671301978231445773e-01 -5.587306199481646418e-01 3.687003362719312172e-01
-4.537232283228826435e-01 -5.643514513566839641e-01 3.729009060915919327e-01
-4.379251339824928868e-01 -5.663889844138263463e-01 3.802607790012175748e-01
-4.218494438932768875e-01 -5.616571654586643980e-01 3.896561027406393873e-01
-4.088949012527628990e-01 -5.477225236856844148e-01 4.019141228116434039e-01
-4.018636811739063064e-01 -5.234473239642546405e-01 4.190765713189960051e-01
-3.989111948738129909e-01 -4.923549651761318646e-01 4.411735146045788758e-01
-3.953293090235783791e-01 -4.617639382926640446e-01 4.625352304983177398e-01
-3.917983828789703971e-01 -4.311443632913587454e-01 4.837974235073517759e-01
-3.874924598226026085e-01 -4.034460287188975092e-01 5.003066829172566621e-01
-3.816217064926858415e-01 -3.784238536085505200e-01 5.125952586882766004e-01
-3.727626119063587873e-01 -3.575586114234522439e-01 5.192074259712124995e-01
-3.626104842889852353e-01 -3.291434262337232242e-01 5.390213394252701962e-01
-3.530941516018082926e-01 -3.012898816173007477e-01 5.589130163390295669e-01
-3.434389222587057588e-01 -2.796842958234582177e-01 5.689294719835732428e-01
-3.344450443189189714e-01 -2.745682150945820688e-01 5.571005989992041663e-01
-3.248772963135933001e-01 -2.792261243353258982e-01 5.412979245737298273e-01
-3.151374115891554251e-01 -2.855223760553733392e-01 5.243129196893316912e-01
-3.053830796510685897e-01 -2.919562003341948930e-01 5.072287410734870328e-01
-2.956275178693377192e-01 -2.984025528400771621e-01 4.901368081393039366e-01
-2.858716451758749888e-01 -3.048616715139183531e-01 4.730509971166979022e-01
-2.761132713873637456e-01 -3.114614559715819797e-01 4.560464033509316617e-01
-2.663251953681013418e-01 -3.197364636737147769e-01 4.400102947564576983e-01
-2.557454124531063910e-01 -3.308572266056235556e-01 4.272175041456558464e-01
-2.455235028871885217e-01 -3.449815404000462493e-01 4.125666301688017401e-01
-2.356380653550755877e-01 -3.612743929083548355e-01 3.968751835912149306e-01
-2.260082509518290816e-01 -3.808218397010264544e-01 3.794157114124606656e-01
-2.157363165536307914e-01 -4.145554790165065784e-01 3.545180386513328008e-01
-2.054416410074655364e-01 -4.498517008865223765e-01 3.289630345367886011e-01
-1.950194376154958387e-01 -4.845550672639671874e-01 3.043693825212155923e-01
-1.845638044314029391e-01 -5.190887505440364702e-01 2.799626848303701232e-01
