1658164806, 156522989, 38
1658164806, 162580966, 38
1658164806, 168574094, 38
1658164806, 174514055, 38
1658164806, 180537939, 38
1658164806, 186547994, 38
1658164806, 192554950, 38
1658164806, 198551893, 38
1658164806, 204570055, 38
1658164806, 210551023, 38
1658164806, 216551065, 38
1658164806, 222517967, 38
1658164806, 228487968, 38
1658164806, 234558105, 38
1658164806, 240561008, 38
1658164806, 246562957, 38
1658164806, 252551078, 38
1658164806, 258570909, 38
1658164806, 264575958, 38
1658164806, 270575046, 38
1658164806, 276570081, 38
1658164806, 282540082, 38
1658164806, 288589954, 38
1658164806, 294542074, 38
1658164806, 300558090, 38
1658164806, 306552886, 38
1658164806, 312561035, 38
1658164806, 318519115, 38
1658164806, 324553966, 38
1658164806, 330529928, 38
1658164806, 336559057, 38
1658164806, 342550039, 38
1658164806, 348542928, 38
1658164806, 354568004, 38
1658164806, 360546112, 38
1658164806, 366559028, 38
1658164806, 372529029, 38
1658164806, 378552913, 38
1658164806, 384553909, 38
1658164806, 390583992, 38
1658164806, 396543025, 38
1658164806, 402559041, 38
1658164806, 408530950, 38
1658164806, 414488077, 38
1658164806, 420512914, 38
1658164806, 426529884, 38
1658164806, 432499885, 38
1658164806, 438548088, 38
1658164806, 444530010, 38
1658164806, 450517892, 38
1658164806, 456517934, 38
1658164806, 462475061, 38
1658164806, 468496084, 38
1658164806, 474556922, 38
1658164806, 480514049, 38
1658164806, 486572980, 38
1658164806, 492546081, 38
1658164806, 498511075, 38
1658164806, 504503965, 38
1658164806, 510493993, 38
1658164806, 516506910, 38
1658164806, 522550106, 38
1658164806, 528558015, 38
1658164806, 534506082, 38
1658164806, 540527105, 38
1658164806, 546544075, 38
1658164806, 552520036, 38
1658164806, 558533906, 38
1658164806, 564500093, 38
1658164806, 570549964, 38
1658164806, 576558113, 38
1658164806, 582525968, 38
1658164806, 588593006, 38
1658164806, 594541072, 38
1658164806, 600519895, 38
1658164806, 606503963, 38
1658164806, 612556934, 38
1658164806, 618475914, 38
1658164806, 624500989, 38
1658164806, 630500078, 38
1658164806, 636554956, 38
1658164806, 642548084, 38
1658164806, 648530960, 38
1658164806, 654551029, 38
1658164806, 660548925, 38
1658164806, 666563987, 38
1658164806, 672559022, 38
1658164806, 678519964, 38
1658164806, 684504985, 38
1658164806, 690507888, 38
1658164806, 696501970, 38
1658164806, 702549934, 38
1658164806, 708548069, 38
1658164806, 714545011, 38
1658164806, 720518112, 38
1658164806, 726488113, 38
1658164806, 732506036, 38
1658164806, 738507986, 38
1658164806, 744457960, 38
1658164806, 750535011, 38
1658164806, 756503105, 38
1658164806, 762521028, 38
1658164806, 768546104, 38
1658164806, 774539947, 38
1658164806, 780519962, 38
1658164806, 786520004, 38
1658164806, 792552947, 38
1658164806, 798525094, 38
1658164806, 804510116, 38
1658164806, 810549020, 38
1658164806, 816508054, 38
1658164806, 822563886, 38
1658164806, 828562974, 38
1658164806, 834506988, 38
1658164806, 840511083, 38
1658164806, 846541881, 38
1658164806, 852521896, 38
1658164806, 858541011, 38
1658164806, 864552974, 38
1658164806, 870517969, 38
1658164806, 876527070, 38
1658164806, 882550001, 38
1658164806, 888581991, 38
1658164806, 894483089, 38
1658164806, 900487899, 38
1658164806, 906521081, 38
1658164806, 912462949, 38
1658164806, 918528079, 38
1658164806, 924516916, 38
1658164806, 930548906, 38
1658164806, 936502933, 38
1658164806, 942471027, 38
1658164806, 948537111, 38
1658164806, 954549074, 38
1658164806, 960505962, 38
1658164806, 966516017, 38
1658164806, 972558021, 38
1658164806, 978497028, 38
1658164806, 984503030, 38
1658164806, 990556001, 38
1658164806, 996464967, 38
1658164807, 2449989, 38
1658164807, 8522987, 38
1658164807, 14513015, 38
1658164807, 20538091, 38
1658164807, 26489973, 38
1658164807, 32546997, 38
1658164807, 38532972, 38
1658164807, 44536113, 38
1658164807, 50515890, 38
1658164807, 56503057, 38
1658164807, 62553882, 38
1658164807, 68507909, 38
1658164807, 74523925, 38
1658164807, 80518960, 38
1658164807, 86558103, 38
1658164807, 92561006, 38
1658164807, 98545074, 38
1658164807, 104506969, 38
1658164807, 110534906, 38
1658164807, 116482973, 38
1658164807, 122534990, 38
1658164807, 128563880, 38
1658164807, 134543895, 38
1658164807, 140455961, 38
1658164807, 146536111, 38
1658164807, 152533054, 38
1658164807, 158467054, 38
1658164807, 164511919, 38
1658164807, 170500993, 38
1658164807, 176512956, 38
1658164807, 182502985, 38
1658164807, 188541889, 38
1658164807, 194528102, 38
1658164807, 200503110, 38
1658164807, 206482887, 38
1658164807, 212409973, 38
1658164807, 218473911, 38
1658164807, 224452018, 38
1658164807, 230475902, 38
1658164807, 236453056, 38
1658164807, 242441892, 38
1658164807, 248442888, 38
1658164807, 254440069, 38
1658164807, 260480880, 38
1658164807, 266479015, 38
1658164807, 272469997, 38
1658164807, 278536081, 38
1658164807, 284491062, 38
1658164807, 290580987, 38
1658164807, 296541929, 38
1658164807, 302460908, 38
1658164807, 308509111, 38
1658164807, 314480066, 38
1658164807, 320513963, 38
1658164807, 326611042, 38
1658164807, 332506895, 38
1658164807, 338584899, 38
1658164807, 344492912, 38
1658164807, 350481033, 38
1658164807, 356498003, 38
1658164807, 362483978, 38
1658164807, 368516921, 38
1658164807, 374485969, 38
1658164807, 380500078, 38
1658164807, 386532068, 38
1658164807, 392529964, 38
1658164807, 398509025, 38
1658164807, 404514074, 38
1658164807, 410514116, 38
1658164807, 416543960, 38
1658164807, 422534942, 38
1658164807, 428493976, 38
1658164807, 434541940, 38
1658164807, 440643072, 38
1658164807, 446502923, 38
1658164807, 452524900, 38
1658164807, 458540916, 38
1658164807, 464544057, 38
1658164807, 470509052, 38
1658164807, 476483106, 38
1658164807, 482556104, 38
1658164807, 488542079, 38
1658164807, 494523048, 38
1658164807, 500623941, 38
1658164807, 506578922, 38
1658164807, 512631893, 38
1658164807, 518560886, 38
1658164807, 524491071, 38
1658164807, 530515909, 38
1658164807, 536536931, 38
1658164807, 542560100, 38
1658164807, 548496961, 38
1658164807, 554585933, 38
1658164807, 560527086, 38
1658164807, 566530942, 38
1658164807, 572552919, 38
1658164807, 578581094, 38
1658164807, 584517002, 38
1658164807, 590532064, 38
1658164807, 596549034, 38
1658164807, 602516889, 38
1658164807, 608527898, 38
1658164807, 614593982, 38
1658164807, 620529890, 38
1658164807, 626526117, 38
1658164807, 632476091, 38
1658164807, 638536930, 38
1658164807, 644485950, 38
1658164807, 650811910, 38
1658164807, 656488895, 38
1658164807, 662542104, 38
1658164807, 668517112, 38
1658164807, 674530029, 38
1658164807, 680471897, 38
1658164807, 686500072, 38
1658164807, 692444086, 38
1658164807, 698450088, 38
1658164807, 704463958, 38
1658164807, 710484027, 38
1658164807, 716465950, 38
1658164807, 722408056, 38
1658164807, 728480100, 38
1658164807, 734472990, 38
1658164807, 740525960, 38
1658164807, 746532917, 38
1658164807, 752528905, 38
1658164807, 758491992, 38
1658164807, 764456987, 38
1658164807, 770428895, 38
1658164807, 776540040, 38
1658164807, 782483100, 38
1658164807, 788467884, 38
1658164807, 794543027, 38
1658164807, 800545930, 38
1658164807, 806488037, 38
1658164807, 812474012, 38
1658164807, 818519115, 38
1658164807, 824538946, 38
1658164807, 830533027, 38
1658164807, 836472034, 38
1658164807, 842526912, 38
1658164807, 848469018, 38
1658164807, 854523897, 38
1658164807, 860526084, 38
1658164807, 866539955, 38
1658164807, 872505903, 38
1658164807, 878593921, 38
1658164807, 884507894, 38
1658164807, 890505075, 38
1658164807, 896527051, 38
1658164807, 902518033, 38
1658164807, 908514976, 38
1658164807, 914551019, 38
1658164807, 920543909, 38
1658164807, 926460981, 38
1658164807, 932487964, 38
1658164807, 938446998, 38
1658164807, 944467067, 38
1658164807, 950438976, 38
1658164807, 956491947, 38
1658164807, 962439060, 38
1658164807, 968482017, 38
1658164807, 974534988, 38
1658164807, 980473041, 38
1658164807, 986551046, 38
1658164807, 992527008, 38
1658164807, 998505115, 38
1658164808, 4481077, 38
1658164808, 10452032, 38
1658164808, 16532897, 38
1658164808, 22453069, 38
1658164808, 28506994, 38
1658164808, 34531116, 38
1658164808, 40519952, 38
1658164808, 46519994, 38
1658164808, 52473068, 38
1658164808, 58494091, 38
1658164808, 64517974, 38
1658164808, 70513010, 38
1658164808, 76538085, 38
1658164808, 82428932, 38
1658164808, 88515996, 38
1658164808, 94501972, 38
1658164808, 100480079, 38
1658164808, 106520891, 38
1658164808, 112515926, 38
1658164808, 118470907, 38
1658164808, 124546051, 38
1658164808, 130530118, 38
1658164808, 136449098, 38
1658164808, 142518043, 38
1658164808, 148499965, 38
1658164808, 154478073, 38
1658164808, 160526037, 38
1658164808, 166512012, 38
1658164808, 172491073, 38
1658164808, 178515911, 38
1658164808, 184525012, 38
1658164808, 190538883, 38
1658164808, 196506023, 38
1658164808, 202528953, 38
1658164808, 208447933, 38
1658164808, 214543104, 38
1658164808, 220532894, 38
1658164808, 226490020, 38
1658164808, 232526063, 38
1658164808, 238497018, 38
1658164808, 244520902, 38
1658164808, 250479936, 38
1658164808, 256494045, 38
1658164808, 262470006, 38
1658164808, 268430948, 38
1658164808, 274461984, 38
1658164808, 280498981, 38
1658164808, 286521911, 38
1658164808, 292500019, 38
1658164808, 298513889, 38
1658164808, 304507017, 38
1658164808, 310528039, 38
1658164808, 316500902, 38
1658164808, 322526931, 38
1658164808, 328541040, 38
1658164808, 334532022, 38
1658164808, 340454101, 38
1658164808, 346438884, 38
1658164808, 352493047, 38
1658164808, 358427047, 38
1658164808, 364515066, 38
1658164808, 370537042, 38
1658164808, 376497030, 38
1658164808, 382524967, 38
1658164808, 388504981, 38
1658164808, 394525051, 38
1658164808, 400518894, 38
1658164808, 406476974, 38
1658164808, 412494897, 38
1658164808, 418524026, 38
1658164808, 424493074, 38
1658164808, 430527925, 38
1658164808, 436500072, 38
1658164808, 442488908, 38
1658164808, 448435068, 38
1658164808, 454457998, 38
1658164808, 460549116, 38
1658164808, 466526031, 38
1658164808, 472496032, 38
1658164808, 478543043, 38
1658164808, 484493017, 38
1658164808, 490571022, 38
1658164808, 496449947, 38
1658164808, 502547979, 38
1658164808, 508464097, 38
1658164808, 514534950, 38
1658164808, 520481109, 38
1658164808, 526526927, 38
1658164808, 532500028, 38
1658164808, 538563013, 38
1658164808, 544506072, 38
1658164808, 550532102, 38
1658164808, 556504964, 38
1658164808, 562525033, 38
1658164808, 568545103, 38
1658164808, 574532985, 38
1658164808, 580506086, 38
1658164808, 586543083, 38
1658164808, 592489957, 38
1658164808, 598498106, 38
1658164808, 604495048, 38
1658164808, 610519886, 38
1658164808, 616452932, 38
1658164808, 622519016, 38
1658164808, 628536939, 38
1658164808, 634452104, 38
1658164808, 640458106, 38
1658164808, 646528005, 38
1658164808, 652486085, 38
1658164808, 658444881, 38
1658164808, 664424896, 38
1658164808, 670505046, 38
1658164808, 676489114, 38
1658164808, 682486057, 38
1658164808, 688477993, 38
1658164808, 694869995, 38
1658164808, 700551986, 38
1658164808, 706461906, 38
1658164808, 712481975, 38
1658164808, 718523025, 38
1658164808, 724498033, 38
1658164808, 730536937, 38
1658164808, 736498117, 38
1658164808, 742513895, 38
1658164808, 748547077, 38
1658164808, 754545927, 38
1658164808, 760526895, 38
1658164808, 766540050, 38
1658164808, 772489070, 38
1658164808, 778445005, 38
1658164808, 784487962, 38
1658164808, 790504932, 38
1658164808, 796438932, 38
1658164808, 802472114, 38
1658164808, 808520078, 38
1658164808, 814536094, 38
1658164808, 820462942, 38
1658164808, 826530933, 38
1658164808, 832478046, 38
1658164808, 838459968, 38
1658164808, 844471931, 38
1658164808, 850518941, 38
1658164808, 856498956, 38
1658164808, 862433910, 38
1658164808, 868442058, 38
1658164808, 874531984, 38
1658164808, 880475044, 38
1658164808, 886441946, 38
1658164808, 892441987, 38
1658164808, 898523092, 38
1658164808, 904495954, 38
1658164808, 910526037, 38
1658164808, 916524887, 38
1658164808, 922466993, 38
1658164808, 928494930, 38
1658164808, 934520006, 38
1658164808, 940443992, 38
1658164808, 946419000, 38
1658164808, 952399969, 38
1658164808, 958439111, 38
1658164808, 964507102, 38
1658164808, 970514059, 38
1658164808, 976501941, 38
1658164808, 982467889, 38
1658164808, 988447904, 38
1658164808, 994517087, 38
1658164809, 447034, 38
1658164809, 6422042, 38
1658164809, 12419939, 38
1658164809, 18554925, 38
1658164809, 24497032, 38
1658164809, 30523061, 38
1658164809, 36479949, 38
1658164809, 42517900, 38
1658164809, 48474073, 38
1658164809, 54513931, 38
1658164809, 60472011, 38
1658164809, 66504001, 38
1658164809, 72520017, 38
1658164809, 78548908, 38
1658164809, 84482908, 38
1658164809, 90549945, 38
1658164809, 96525907, 38
1658164809, 102478027, 38
1658164809, 108485937, 38
1658164809, 114444971, 38
1658164809, 120491981, 38
1658164809, 126487016, 38
1658164809, 132483005, 38
1658164809, 138449907, 38
1658164809, 144485950, 38
1658164809, 150516033, 38
1658164809, 156454086, 38
1658164809, 162439107, 38
1658164809, 168425083, 38
1658164809, 174511909, 38
1658164809, 180437088, 38
1658164809, 186464071, 38
1658164809, 192529916, 38
1658164809, 198542118, 38
1658164809, 204507112, 38
1658164809, 210530996, 38
1658164809, 216502904, 38
1658164809, 222518920, 38
1658164809, 228432893, 38
1658164809, 234493970, 38
1658164809, 240474939, 38
1658164809, 246438026, 38
1658164809, 252437114, 38
1658164809, 258485078, 38
1658164809, 264471054, 38
1658164809, 270520925, 38
1658164809, 276499032, 38
1658164809, 282529115, 38
1658164809, 288597106, 38
1658164809, 294523000, 38
1658164809, 300498962, 38
1658164809, 306449890, 38
1658164809, 312489986, 38
1658164809, 318514108, 38
1658164809, 324493885, 38
1658164809, 330482959, 38
1658164809, 336472988, 38
1658164809, 342518091, 38
1658164809, 348484039, 38
1658164809, 354509115, 38
1658164809, 360430955, 38
1658164809, 366478919, 38
1658164809, 372490882, 38
1658164809, 378514051, 38
1658164809, 384479999, 38
1658164809, 390536069, 38
1658164809, 396492004, 38
1658164809, 402501106, 38
1658164809, 408433914, 38
1658164809, 414478063, 38
1658164809, 420475006, 38
1658164809, 426526069, 38
1658164809, 432485103, 38
1658164809, 438488960, 38
1658164809, 444432020, 38
1658164809, 450474977, 38
1658164809, 456484079, 38
1658164809, 462482929, 38
1658164809, 468452930, 38
1658164809, 474450111, 38
1658164809, 480432033, 38
1658164809, 486524105, 38
1658164809, 492486000, 38
1658164809, 498481988, 38
1658164809, 504460096, 38
1658164809, 510422945, 38
1658164809, 516499042, 38
1658164809, 522435903, 38
1658164809, 528440952, 38
1658164809, 534482955, 38
1658164809, 540488004, 38
1658164809, 546483039, 38
1658164809, 552436113, 38
1658164809, 558490991, 38
1658164809, 564480066, 38
1658164809, 570442914, 38
1658164809, 576484918, 38
1658164809, 582454919, 38
1658164809, 588404893, 38
1658164809, 594479084, 38
1658164809, 600477933, 38
1658164809, 606494903, 38
1658164809, 612479925, 38
1658164809, 618482112, 38
1658164809, 624449968, 38
1658164809, 630506038, 38
1658164809, 636478900, 38
1658164809, 642505884, 38
1658164809, 648442029, 38
1658164809, 654527902, 38
1658164809, 660460948, 38
1658164809, 666527032, 38
1658164809, 672507047, 38
1658164809, 678517103, 38
1658164809, 684494018, 38
1658164809, 690479040, 38
1658164809, 696436882, 38
1658164809, 702408075, 38
1658164809, 708393096, 38
1658164809, 714426040, 38
1658164809, 720423936, 38
1658164809, 726397037, 38
1658164809, 732420921, 38
1658164809, 738409996, 38
1658164809, 744410037, 38
1658164809, 750426054, 38
1658164809, 756422996, 38
1658164809, 762413024, 38
1658164809, 768420934, 38
1658164809, 774441003, 38
1658164809, 780411958, 38
1658164809, 786420106, 38
1658164809, 792378902, 38
1658164809, 798415899, 38
1658164809, 804452896, 38
1658164809, 810399055, 38
1658164809, 816380023, 38
1658164809, 822416067, 38
1658164809, 828376054, 38
1658164809, 834405899, 38
1658164809, 840482950, 38
1658164809, 846436023, 38
1658164809, 852442979, 38
1658164809, 858433961, 38
1658164809, 864397048, 38
1658164809, 870470046, 38
1658164809, 876450061, 38
1658164809, 882467985, 38
1658164809, 888465881, 38
1658164809, 894476890, 38
1658164809, 900420904, 38
1658164809, 906546115, 38
1658164809, 912453889, 38
1658164809, 918472051, 38
1658164809, 924472093, 38
1658164809, 930526971, 38
1658164809, 936450004, 38
1658164809, 942446947, 38
1658164809, 948424100, 38
1658164809, 954479932, 38
1658164809, 960529088, 38
1658164809, 966478109, 38
1658164809, 972479104, 38
1658164809, 978501081, 38
1658164809, 984488010, 38
1658164809, 990474939, 38
1658164809, 996471881, 38
1658164810, 2468109, 38
1658164810, 8512973, 38
1658164810, 14472007, 38
1658164810, 20476102, 38
1658164810, 26473045, 38
1658164810, 32485961, 38
1658164810, 38471937, 38
1658164810, 44496059, 38
1658164810, 50520896, 38
1658164810, 56446075, 38
1658164810, 62478065, 38
1658164810, 68475008, 38
1658164810, 74477910, 38
1658164810, 80471038, 38
1658164810, 86476087, 38
1658164810, 92475891, 38
1658164810, 98479032, 38
1658164810, 104479074, 38
1658164810, 110471010, 38
1658164810, 116476058, 38
1658164810, 122462987, 38
1658164810, 128498077, 38
1658164810, 134480953, 38
1658164810, 140485048, 38
1658164810, 146450996, 38
1658164810, 152463912, 38
1658164810, 158509969, 38
1658164810, 164485931, 38
1658164810, 170479059, 38
1658164810, 176500082, 38
1658164810, 182415008, 38
1658164810, 188416957, 38
1658164810, 194461107, 38
1658164810, 200490951, 38
1658164810, 206547975, 38
1658164810, 212404966, 38
1658164810, 218486070, 38
1658164810, 224478960, 38
1658164810, 230520009, 38
1658164810, 236473083, 38
1658164810, 242420911, 38
1658164810, 248390913, 38
1658164810, 254498004, 38
1658164810, 260462999, 38
1658164810, 266417980, 38
1658164810, 272464990, 38
1658164810, 278500080, 38
1658164810, 284471988, 38
1658164810, 290507078, 38
1658164810, 296428918, 38
1658164810, 302457094, 38
1658164810, 308490991, 38
1658164810, 314479112, 38
1658164810, 320472955, 38
1658164810, 326474905, 38
1658164810, 332423925, 38
1658164810, 338465929, 38
1658164810, 344470977, 38
1658164810, 350466012, 38
1658164810, 356426000, 38
1658164810, 362456083, 38
1658164810, 368475914, 38
1658164810, 374459028, 38
1658164810, 380466938, 38
1658164810, 386466979, 38
1658164810, 392466068, 38
1658164810, 398467063, 38
1658164810, 404417037, 38
1658164810, 410478115, 38
1658164810, 416487932, 38
1658164810, 422420024, 38
1658164810, 428458929, 38
1658164810, 434415102, 38
1658164810, 440422058, 38
1658164810, 446413040, 38
1658164810, 452388048, 38
1658164810, 458362102, 38
1658164810, 464363098, 38
1658164810, 470375061, 38
1658164810, 476397037, 38
1658164810, 482369899, 38
1658164810, 488354921, 38
1658164810, 494415044, 38
1658164810, 500449895, 38
1658164810, 506402015, 38
1658164810, 512449026, 38
1658164810, 518462896, 38
1658164810, 524481058, 38
1658164810, 530469894, 38
1658164810, 536470890, 38
1658164810, 542467117, 38
1658164810, 548449039, 38
1658164810, 554466962, 38
1658164810, 560491085, 38
1658164810, 566488981, 38
1658164810, 572418928, 38
1658164810, 578836917, 38
1658164810, 584500074, 38
1658164810, 590444087, 38
1658164810, 596450090, 38
1658164810, 602452039, 38
1658164810, 608462095, 38
1658164810, 614469051, 38
1658164810, 620469093, 38
1658164810, 626481056, 38
1658164810, 632484912, 38
1658164810, 638473033, 38
1658164810, 644442081, 38
1658164810, 650464057, 38
1658164810, 656465053, 38
1658164810, 662446022, 38
1658164810, 668458938, 38
1658164810, 674477100, 38
1658164810, 680505990, 38
1658164810, 686415910, 38
1658164810, 692429065, 38
1658164810, 698419094, 38
1658164810, 704421043, 38
1658164810, 710449934, 38
1658164810, 716376066, 38
1658164810, 722368955, 38
1658164810, 728388071, 38
1658164810, 734503984, 38
1658164810, 740477085, 38
1658164810, 746427059, 38
1658164810, 752466917, 38
1658164810, 758407115, 38
1658164810, 764448881, 38
1658164810, 770514965, 38
1658164810, 776433944, 38
1658164810, 782450914, 38
1658164810, 788480043, 38
1658164810, 794501066, 38
1658164810, 800474882, 38
1658164810, 806407928, 38
1658164810, 812424898, 38
1658164810, 818502902, 38
1658164810, 824420928, 38
1658164810, 830523014, 38
1658164810, 836436986, 38
1658164810, 842453002, 38
1658164810, 848465919, 38
1658164810, 854429006, 38
1658164810, 860450029, 38
1658164810, 866781949, 38
1658164810, 872414112, 38
1658164810, 878483057, 38
1658164810, 884473085, 38
1658164810, 890522956, 38
1658164810, 896431922, 38
1658164810, 902498960, 38
1658164810, 908471107, 38
1658164810, 914479970, 38
1658164810, 920465946, 38
1658164810, 926466941, 38
1658164810, 932431936, 38
1658164810, 938491106, 38
1658164810, 944473981, 38
1658164810, 950467109, 38
1658164810, 956487894, 38
1658164810, 962436914, 38
1658164810, 968518018, 38
1658164810, 974453926, 38
1658164810, 980447053, 38
1658164810, 986465930, 38
1658164810, 992424964, 38
1658164810, 998460054, 38
1658164811, 4452943, 38
1658164811, 10485887, 38
1658164811, 16426086, 38
1658164811, 22479057, 38
1658164811, 28434991, 38
1658164811, 34461975, 38
1658164811, 40472030, 38
1658164811, 46449899, 38
1658164811, 52484989, 38
1658164811, 58408975, 38
1658164811, 64415931, 38
1658164811, 70404052, 38
1658164811, 76417922, 38
1658164811, 82467079, 38
1658164811, 88466882, 38
1658164811, 94511032, 38
1658164811, 100466966, 38
1658164811, 106494903, 38
1658164811, 112498044, 38
1658164811, 118473052, 38
1658164811, 124474048, 38
1658164811, 130445003, 38
1658164811, 136462926, 38
1658164811, 142442941, 38
1658164811, 148468971, 38
1658164811, 154485940, 38
1658164811, 160466909, 38
1658164811, 166496992, 38
1658164811, 172444105, 38
1658164811, 178509950, 38
1658164811, 184469938, 38
1658164811, 190428018, 38
1658164811, 196397066, 38
1658164811, 202445983, 38
1658164811, 208470106, 38
1658164811, 214492082, 38
1658164811, 220453977, 38
1658164811, 226408958, 38
1658164811, 232393026, 38
1658164811, 238456010, 38
1658164811, 244394063, 38
1658164811, 250403881, 38
1658164811, 256438016, 38
1658164811, 262480974, 38
1658164811, 268467903, 38
1658164811, 274492979, 38
1658164811, 280416965, 38
1658164811, 286453962, 38
1658164811, 292462110, 38
1658164811, 298441886, 38
1658164811, 304471969, 38
1658164811, 310514926, 38
1658164811, 316504955, 38
1658164811, 322453975, 38
1658164811, 328450918, 38
1658164811, 334414958, 38
1658164811, 340471982, 38
1658164811, 346493005, 38
1658164811, 352466106, 38
1658164811, 358489990, 38
1658164811, 364463090, 38
1658164811, 370424032, 38
1658164811, 376410007, 38
1658164811, 382415056, 38
1658164811, 388406038, 38
1658164811, 394404888, 38
1658164811, 400445938, 38
1658164811, 406481981, 38
1658164811, 412380933, 38
1658164811, 418399095, 38
1658164811, 424403905, 38
1658164811, 430422067, 38
1658164811, 436395883, 38
1658164811, 442434072, 38
1658164811, 448412895, 38
1658164811, 454463958, 38
1658164811, 460433006, 38
1658164811, 466484069, 38
1658164811, 472383022, 38
1658164811, 478410959, 38
1658164811, 484426021, 38
1658164811, 490495920, 38
1658164811, 496449947, 38
1658164811, 502453088, 38
1658164811, 508460044, 38
1658164811, 514476060, 38
1658164811, 520467996, 38
1658164811, 526487112, 38
1658164811, 532483100, 38
1658164811, 538517951, 38
1658164811, 544454097, 38
1658164811, 550445079, 38
1658164811, 556458950, 38
1658164811, 562493085, 38
1658164811, 568456888, 38
1658164811, 574482917, 38
1658164811, 580467939, 38
1658164811, 586446046, 38
1658164811, 592459917, 38
1658164811, 598398923, 38
1658164811, 604408979, 38
1658164811, 610447883, 38
1658164811, 616457939, 38
1658164811, 622453927, 38
1658164811, 628403902, 38
1658164811, 634413957, 38
1658164811, 640434980, 38
1658164811, 646462917, 38
1658164811, 652430057, 38
1658164811, 658391952, 38
1658164811, 664386034, 38
1658164811, 670475959, 38
1658164811, 676403045, 38
1658164811, 682360887, 38
1658164811, 688369989, 38
1658164811, 694367885, 38
1658164811, 700359106, 38
1658164811, 706355094, 38
1658164811, 712349891, 38
1658164811, 718394994, 38
1658164811, 724416971, 38
1658164811, 730421066, 38
1658164811, 736453056, 38
1658164811, 742486000, 38
1658164811, 748483896, 38
1658164811, 754426956, 38
1658164811, 760454893, 38
1658164811, 766448020, 38
1658164811, 772485017, 38
1658164811, 778523921, 38
1658164811, 784429073, 38
1658164811, 790416002, 38
1658164811, 796449899, 38
1658164811, 802443027, 38
1658164811, 808444023, 38
1658164811, 814414024, 38
1658164811, 820403099, 38
1658164811, 826443910, 38
1658164811, 832437038, 38
1658164811, 838510990, 38
1658164811, 844379901, 38
1658164811, 850497961, 38
1658164811, 856405019, 38
1658164811, 862446069, 38
1658164811, 868436098, 38
1658164811, 874437093, 38
1658164811, 880402088, 38
1658164811, 886377096, 38
1658164811, 892457962, 38
1658164811, 898485898, 38
1658164811, 904447078, 38
1658164811, 910475969, 38
1658164811, 916471004, 38
1658164811, 922487020, 38
1658164811, 928453922, 38
1658164811, 934453010, 38
1658164811, 940422058, 38
1658164811, 946408033, 38
1658164811, 952457904, 38
1658164811, 958491086, 38
1658164811, 964447975, 38
1658164811, 970398902, 38
1658164811, 976438999, 38
1658164811, 982477903, 38
1658164811, 988444089, 38
1658164811, 994393110, 38
1658164812, 413894, 38
1658164812, 6442070, 38
1658164812, 12448072, 38
1658164812, 18455028, 38
1658164812, 24394035, 38
1658164812, 30486106, 38
1658164812, 36447048, 38
1658164812, 42474985, 38
1658164812, 48460960, 38
1658164812, 54393053, 38
1658164812, 60436964, 38
1658164812, 66386938, 38
1658164812, 72428941, 38
1658164812, 78438997, 38
1658164812, 84429025, 38
1658164812, 90444087, 38
1658164812, 96461057, 38
1658164812, 102463960, 38
1658164812, 108398914, 38
1658164812, 114501953, 38
1658164812, 120394945, 38
1658164812, 126389980, 38
1658164812, 132452964, 38
1658164812, 138452053, 38
1658164812, 144412040, 38
1658164812, 150477886, 38
1658164812, 156488895, 38
1658164812, 162480115, 38
1658164812, 168447971, 38
1658164812, 174407005, 38
1658164812, 180464029, 38
1658164812, 186443090, 38
1658164812, 192404985, 38
1658164812, 198419094, 38
1658164812, 204399108, 38
1658164812, 210361003, 38
1658164812, 216373920, 38
1658164812, 222399950, 38
1658164812, 228441953, 38
1658164812, 234402894, 38
1658164812, 240355968, 38
1658164812, 246401071, 38
1658164812, 252455949, 38
1658164812, 258476972, 38
1658164812, 264420032, 38
1658164812, 270448923, 38
1658164812, 276448965, 38
1658164812, 282445907, 38
1658164812, 288450956, 38
1658164812, 294418096, 38
1658164812, 300400018, 38
1658164812, 306441068, 38
1658164812, 312442064, 38
1658164812, 318470001, 38
1658164812, 324393987, 38
1658164812, 330488920, 38
1658164812, 336399078, 38
1658164812, 342489004, 38
1658164812, 348452091, 38
1658164812, 354413032, 38
1658164812, 360389947, 38
1658164812, 366444110, 38
1658164812, 372452020, 38
1658164812, 378447055, 38
1658164812, 384450912, 38
1658164812, 390531063, 38
1658164812, 396385908, 38
1658164812, 402501106, 38
1658164812, 408449888, 38
1658164812, 414496898, 38
1658164812, 420439004, 38
1658164812, 426454067, 38
1658164812, 432455062, 38
1658164812, 438420057, 38
1658164812, 444402933, 38
1658164812, 450392961, 38
1658164812, 456386089, 38
1658164812, 462460994, 38
1658164812, 468417882, 38
1658164812, 474481105, 38
1658164812, 480427026, 38
1658164812, 486475944, 38
1658164812, 492417097, 38
1658164812, 498444080, 38
1658164812, 504440069, 38
1658164812, 510442018, 38
1658164812, 516458988, 38
1658164812, 522444009, 38
1658164812, 528388023, 38
1658164812, 534461021, 38
1658164812, 540438890, 38
1658164812, 546477079, 38
1658164812, 552434921, 38
1658164812, 558459997, 38
1658164812, 564434051, 38
1658164812, 570461034, 38
1658164812, 576436042, 38
1658164812, 582482099, 38
1658164812, 588392019, 38
1658164812, 594477891, 38
1658164812, 600439071, 38
1658164812, 606465101, 38
1658164812, 612440109, 38
1658164812, 618547916, 38
1658164812, 624455928, 38
1658164812, 630397081, 38
1658164812, 636390924, 38
1658164812, 642398118, 38
1658164812, 648390054, 38
1658164812, 654458045, 38
1658164812, 660434007, 38
1658164812, 666470050, 38
1658164812, 672367095, 38
1658164812, 678457975, 38
1658164812, 684448957, 38
1658164812, 690368890, 38
1658164812, 696438074, 38
1658164812, 702474117, 38
1658164812, 708370923, 38
1658164812, 714432001, 38
1658164812, 720474004, 38
1658164812, 726427078, 38
1658164812, 732386112, 38
1658164812, 738457918, 38
1658164812, 744429111, 38
1658164812, 750458955, 38
1658164812, 756407022, 38
1658164812, 762453079, 38
1658164812, 768436908, 38
1658164812, 774378061, 38
1658164812, 780405998, 38
1658164812, 786446094, 38
1658164812, 792387008, 38
1658164812, 798383951, 38
1658164812, 804379940, 38
1658164812, 810353994, 38
1658164812, 816412925, 38
1658164812, 822371006, 38
1658164812, 828417062, 38
1658164812, 834343910, 38
1658164812, 840388059, 38
1658164812, 846380949, 38
1658164812, 852397918, 38
1658164812, 858380079, 38
1658164812, 864383935, 38
1658164812, 870353937, 38
1658164812, 876353025, 38
1658164812, 882394075, 38
1658164812, 888380050, 38
1658164812, 894403934, 38
1658164812, 900357961, 38
1658164812, 906348943, 38
1658164812, 912384033, 38
1658164812, 918343067, 38
1658164812, 924329042, 38
1658164812, 930361032, 38
1658164812, 936467885, 38
1658164812, 942460060, 38
1658164812, 948437929, 38
1658164812, 954385995, 38
1658164812, 960402965, 38
1658164812, 966373920, 38
1658164812, 972435951, 38
1658164812, 978388071, 38
1658164812, 984371900, 38
1658164812, 990413904, 38
1658164812, 996437072, 38
1658164813, 2470016, 38
1658164813, 8392095, 38
1658164813, 14425039, 38
1658164813, 20378112, 38
1658164813, 26453018, 38
1658164813, 32388925, 38
1658164813, 38463115, 38
1658164813, 44399976, 38
1658164813, 50467967, 38
1658164813, 56442022, 38
1658164813, 62458992, 38
1658164813, 68413972, 38
1658164813, 74793100, 38
1658164813, 80408096, 38
1658164813, 86565017, 38
1658164813, 92484951, 38
1658164813, 98525047, 38
1658164813, 104477882, 38
1658164813, 110476016, 38
1658164813, 116451025, 38
1658164813, 122483968, 38
1658164813, 128469944, 38
1658164813, 134479045, 38
1658164813, 140482902, 38
1658164813, 146423101, 38
1658164813, 152452945, 38
1658164813, 158474922, 38
1658164813, 164454936, 38
1658164813, 170438051, 38
1658164813, 176448106, 38
1658164813, 182420015, 38
1658164813, 188348054, 38
1658164813, 194350004, 38
1658164813, 200479030, 38
1658164813, 206361055, 38
1658164813, 212352037, 38
1658164813, 218314886, 38
1658164813, 224359035, 38
1658164813, 230431079, 38
1658164813, 236443996, 38
1658164813, 242379903, 38
1658164813, 248425006, 38
1658164813, 254375934, 38
1658164813, 260374069, 38
1658164813, 266482114, 38
1658164813, 272392034, 38
1658164813, 278408050, 38
1658164813, 284411907, 38
1658164813, 290460109, 38
1658164813, 296369075, 38
1658164813, 302459001, 38
1658164813, 308394908, 38
1658164813, 314359903, 38
1658164813, 320385932, 38
1658164813, 326405048, 38
1658164813, 332384109, 38
1658164813, 338459968, 38
1658164813, 344432115, 38
1658164813, 350387096, 38
1658164813, 356394052, 38
1658164813, 362396955, 38
1658164813, 368418931, 38
1658164813, 374469995, 38
1658164813, 380383968, 38
1658164813, 386383056, 38
1658164813, 392388105, 38
1658164813, 398390054, 38
1658164813, 404448986, 38
1658164813, 410402059, 38
1658164813, 416438102, 38
1658164813, 422477006, 38
1658164813, 428456068, 38
1658164813, 434459924, 38
1658164813, 440469026, 38
1658164813, 446333885, 38
1658164813, 452377080, 38
1658164813, 458374977, 38
1658164813, 464375972, 38
1658164813, 470335006, 38
1658164813, 476385116, 38
1658164813, 482376098, 38
1658164813, 488331079, 38
1658164813, 494383096, 38
1658164813, 500329017, 38
1658164813, 506413936, 38
1658164813, 512398958, 38
1658164813, 518394947, 38
1658164813, 524456977, 38
1658164813, 530375957, 38
1658164813, 536437988, 38
1658164813, 542443037, 38
1658164813, 548434019, 38
1658164813, 554465055, 38
1658164813, 560369014, 38
1658164813, 566473007, 38
1658164813, 572391033, 38
1658164813, 578437089, 38
1658164813, 584436893, 38
1658164813, 590451955, 38
1658164813, 596354961, 38
1658164813, 602468967, 38
1658164813, 608374118, 38
1658164813, 614392995, 38
1658164813, 620379924, 38
1658164813, 626435995, 38
1658164813, 632379055, 38
1658164813, 638387918, 38
1658164813, 644433021, 38
1658164813, 650399923, 38
1658164813, 656407117, 38
1658164813, 662453889, 38
1658164813, 668369054, 38
1658164813, 674453973, 38
1658164813, 680357933, 38
1658164813, 686397075, 38
1658164813, 692423105, 38
1658164813, 698465108, 38
1658164813, 704371929, 38
1658164813, 710357904, 38
1658164813, 716361999, 38
1658164813, 722430944, 38
1658164813, 728411912, 38
1658164813, 734386920, 38
1658164813, 740380048, 38
1658164813, 746462106, 38
1658164813, 752386093, 38
1658164813, 758373975, 38
1658164813, 764348983, 38
1658164813, 770384073, 38
1658164813, 776417970, 38
1658164813, 782442092, 38
1658164813, 788383007, 38
1658164813, 794384956, 38
1658164813, 800420045, 38
1658164813, 806454896, 38
1658164813, 812418937, 38
1658164813, 818463087, 38
1658164813, 824408054, 38
1658164813, 830445051, 38
1658164813, 836416959, 38
1658164813, 842452049, 38
1658164813, 848434925, 38
1658164813, 854377031, 38
1658164813, 860351085, 38
1658164813, 866446018, 38
1658164813, 872414112, 38
1658164813, 878388881, 38
1658164813, 884421110, 38
1658164813, 890438079, 38
1658164813, 896346092, 38
1658164813, 902349948, 38
1658164813, 908416986, 38
1658164813, 914448022, 38
1658164813, 920420885, 38
1658164813, 926440000, 38
1658164813, 932359933, 38
1658164813, 938409090, 38
1658164813, 944427013, 38
1658164813, 950458049, 38
1658164813, 956368923, 38
1658164813, 962361097, 38
1658164813, 968394994, 38
1658164813, 974334001, 38
1658164813, 980365037, 38
1658164813, 986368894, 38
1658164813, 992371082, 38
1658164813, 998464107, 38
1658164814, 4385948, 38
1658164814, 10371923, 38
1658164814, 16360044, 38
1658164814, 22437095, 38
1658164814, 28462886, 38
1658164814, 34465074, 38
1658164814, 40390968, 38
1658164814, 46446084, 38
1658164814, 52455902, 38
1658164814, 58357000, 38
1658164814, 64384937, 38
1658164814, 70446014, 38
1658164814, 76401948, 38
1658164814, 82448959, 38
1658164814, 88417053, 38
1658164814, 94441890, 38
1658164814, 100383996, 38
1658164814, 106437921, 38
1658164814, 112368106, 38
1658164814, 118442058, 38
1658164814, 124409914, 38
1658164814, 130403041, 38
1658164814, 136435031, 38
1658164814, 142457962, 38
1658164814, 148422002, 38
1658164814, 154371023, 38
1658164814, 160424947, 38
1658164814, 166346073, 38
1658164814, 172399997, 38
1658164814, 178437948, 38
1658164814, 184406042, 38
1658164814, 190469026, 38
1658164814, 196372032, 38
1658164814, 202400922, 38
1658164814, 208375930, 38
1658164814, 214447021, 38
1658164814, 220432043, 38
1658164814, 226425886, 38
1658164814, 232419967, 38
1658164814, 238357067, 38
1658164814, 244425058, 38
1658164814, 250412940, 38
1658164814, 256376981, 38
1658164814, 262429952, 38
1658164814, 268425941, 38
1658164814, 274445056, 38
1658164814, 280402898, 38
1658164814, 286442041, 38
1658164814, 292417049, 38
1658164814, 298456907, 38
1658164814, 304419994, 38
1658164814, 310439109, 38
1658164814, 316416025, 38
1658164814, 322364091, 38
1658164814, 328449010, 38
1658164814, 334439992, 38
1658164814, 340349912, 38
1658164814, 346407890, 38
1658164814, 352349042, 38
1658164814, 358386039, 38
1658164814, 364383935, 38
1658164814, 370369911, 38
1658164814, 376346111, 38
1658164814, 382445096, 38
1658164814, 388427972, 38
1658164814, 394443035, 38
1658164814, 400412082, 38
1658164814, 406435966, 38
1658164814, 412360906, 38
1658164814, 418432950, 38
1658164814, 424413919, 38
1658164814, 430423974, 38
1658164814, 436353921, 38
1658164814, 442346096, 38
1658164814, 448420047, 38
1658164814, 454365968, 38
1658164814, 460421085, 38
1658164814, 466449022, 38
1658164814, 472414970, 38
1658164814, 478466987, 38
1658164814, 484417915, 38
1658164814, 490432977, 38
1658164814, 496428966, 38
1658164814, 502433061, 38
1658164814, 508407115, 38
1658164814, 514370918, 38
1658164814, 520348072, 38
1658164814, 526416063, 38
1658164814, 532452106, 38
1658164814, 538397073, 38
1658164814, 544414997, 38
1658164814, 550446033, 38
1658164814, 556392908, 38
1658164814, 562496900, 38
1658164814, 568396091, 38
1658164814, 574425935, 38
1658164814, 580430030, 38
1658164814, 586437940, 38
1658164814, 592442035, 38
1658164814, 598452091, 38
1658164814, 604423999, 38
1658164814, 610383987, 38
1658164814, 616446018, 38
1658164814, 622421979, 38
1658164814, 628422975, 38
1658164814, 634443998, 38
1658164814, 640439033, 38
1658164814, 646373033, 38
1658164814, 652373075, 38
1658164814, 658382892, 38
1658164814, 664371013, 38
1658164814, 670443058, 38
1658164814, 676403999, 38
1658164814, 682446956, 38
1658164814, 688386917, 38
1658164814, 694446086, 38
1658164814, 700422048, 38
1658164814, 706440925, 38
1658164814, 712430000, 38
1658164814, 718362092, 38
1658164814, 724426031, 38
1658164814, 730398893, 38
1658164814, 736418962, 38
1658164814, 742433071, 38
1658164814, 748409032, 38
1658164814, 754348993, 38
1658164814, 760423898, 38
1658164814, 766343116, 38
1658164814, 772424936, 38
1658164814, 778403997, 38
1658164814, 784411907, 38
1658164814, 790438890, 38
1658164814, 796355009, 38
1658164814, 802432060, 38
1658164814, 808413028, 38
1658164814, 814429998, 38
1658164814, 820405006, 38
1658164814, 826450109, 38
1658164814, 832406044, 38
1658164814, 838444948, 38
1658164814, 844408035, 38
1658164814, 850421905, 38
1658164814, 856420040, 38
1658164814, 862417936, 38
1658164814, 868412017, 38
1658164814, 874358892, 38
1658164814, 880404949, 38
1658164814, 886430978, 38
1658164814, 892368078, 38
1658164814, 898422002, 38
1658164814, 904412984, 38
1658164814, 910442113, 38
1658164814, 916399002, 38
1658164814, 922442913, 38
1658164814, 928411960, 38
1658164814, 934428930, 38
1658164814, 940421104, 38
1658164814, 946414947, 38
1658164814, 952414989, 38
1658164814, 958353042, 38
1658164814, 964401006, 38
1658164814, 970355987, 38
1658164814, 976412057, 38
1658164814, 982431888, 38
1658164814, 988406896, 38
1658164814, 994424104, 38
1658164815, 370025, 38
1658164815, 6429910, 38
1658164815, 12336015, 38
1658164815, 18362998, 38
1658164815, 24337053, 38
1658164815, 30359029, 38
1658164815, 36420106, 38
1658164815, 42432069, 38
1658164815, 48417091, 38
1658164815, 54358005, 38
1658164815, 60400009, 38
1658164815, 66426038, 38
1658164815, 72410106, 38
1658164815, 78422069, 38
1658164815, 84373950, 38
1658164815, 90373992, 38
1658164815, 96328020, 38
1658164815, 102363109, 38
1658164815, 108328104, 38
1658164815, 114449977, 38
1658164815, 120414018, 38
1658164815, 126449108, 38
1658164815, 132420063, 38
1658164815, 138376951, 38
1658164815, 144422054, 38
1658164815, 150434017, 38
1658164815, 156409978, 38
1658164815, 162348985, 38
1658164815, 168404102, 38
1658164815, 174432992, 38
1658164815, 180403947, 38
1658164815, 186367988, 38
1658164815, 192409038, 38
1658164815, 198349952, 38
1658164815, 204363107, 38
1658164815, 210432052, 38
1658164815, 216399908, 38
1658164815, 222429037, 38
1658164815, 228434085, 38
1658164815, 234411001, 38
1658164815, 240401983, 38
1658164815, 246362924, 38
1658164815, 252360105, 38
1658164815, 258337974, 38
1658164815, 264342069, 38
1658164815, 270441055, 38
1658164815, 276412963, 38
1658164815, 282443046, 38
1658164815, 288402080, 38
1658164815, 294373989, 38
1658164815, 300615072, 38
1658164815, 306452035, 38
1658164815, 312361001, 38
1658164815, 318439960, 38
1658164815, 324419975, 38
1658164815, 330468893, 38
1658164815, 336416959, 38
1658164815, 342437028, 38
1658164815, 348356008, 38
1658164815, 354425907, 38
1658164815, 360337972, 38
1658164815, 366334915, 38
1658164815, 372406959, 38
1658164815, 378429889, 38
1658164815, 384360074, 38
1658164815, 390336990, 38
1658164815, 396406888, 38
1658164815, 402443885, 38
1658164815, 408416032, 38
1658164815, 414412975, 38
1658164815, 420406103, 38
1658164815, 426362991, 38
1658164815, 432426929, 38
1658164815, 438399076, 38
1658164815, 444372892, 38
1658164815, 450443029, 38
1658164815, 456305980, 38
1658164815, 462310075, 38
1658164815, 468358993, 38
1658164815, 474378108, 38
1658164815, 480357885, 38
1658164815, 486344099, 38
1658164815, 492348909, 38
1658164815, 498311996, 38
1658164815, 504297018, 38
1658164815, 510380029, 38
1658164815, 516402006, 38
1658164815, 522425889, 38
1658164815, 528403043, 38
1658164815, 534394979, 38
1658164815, 540344953, 38
1658164815, 546451091, 38
1658164815, 552406072, 38
1658164815, 558358907, 38
1658164815, 564419984, 38
1658164815, 570449113, 38
1658164815, 576404094, 38
1658164815, 582427978, 38
1658164815, 588427066, 38
1658164815, 594427108, 38
1658164815, 600426912, 38
1658164815, 606431007, 38
1658164815, 612356901, 38
1658164815, 618357896, 38
1658164815, 624399900, 38
1658164815, 630445003, 38
1658164815, 636428117, 38
1658164815, 642431974, 38
1658164815, 648381948, 38
1658164815, 654429912, 38
1658164815, 660423040, 38
1658164815, 666368007, 38
1658164815, 672326087, 38
1658164815, 678450107, 38
1658164815, 684379100, 38
1658164815, 690385103, 38
1658164815, 696409940, 38
1658164815, 702440977, 38
1658164815, 708380937, 38
1658164815, 714433908, 38
1658164815, 720403909, 38
1658164815, 726402044, 38
1658164815, 732419013, 38
1658164815, 738362073, 38
1658164815, 744379043, 38
1658164815, 750442028, 38
1658164815, 756367921, 38
1658164815, 762427091, 38
1658164815, 768356084, 38
1658164815, 774388074, 38
1658164815, 780419111, 38
1658164815, 786360025, 38
1658164815, 792351007, 38
1658164815, 798398017, 38
1658164815, 804347038, 38
1658164815, 810424089, 38
1658164815, 816334009, 38
1658164815, 822432041, 38
1658164815, 828351020, 38
1658164815, 834434986, 38
1658164815, 840435028, 38
1658164815, 846438884, 38
1658164815, 852356910, 38
1658164815, 858426094, 38
1658164815, 864394903, 38
1658164815, 870449066, 38
1658164815, 876349925, 38
1658164815, 882395029, 38
1658164815, 888406991, 38
1658164815, 894385099, 38
1658164815, 900378942, 38
1658164815, 906354904, 38
1658164815, 912326097, 38
1658164815, 918426990, 38
1658164815, 924417972, 38
1658164815, 930386066, 38
1658164815, 936399936, 38
1658164815, 942434072, 38
1658164815, 948400020, 38
1658164815, 954334974, 38
1658164815, 960370063, 38
1658164815, 966347932, 38
1658164815, 972390890, 38
1658164815, 978431940, 38
1658164815, 984409093, 38
1658164815, 990446090, 38
1658164815, 996439933, 38
1658164816, 2345085, 38
1658164816, 8395910, 38
1658164816, 14442920, 38
1658164816, 20353078, 38
1658164816, 26421070, 38
1658164816, 32392978, 38
1658164816, 38400888, 38
1658164816, 44405937, 38
1658164816, 50436973, 38
1658164816, 56406021, 38
1658164816, 62419891, 38
1658164816, 68334102, 38
1658164816, 74378013, 38
1658164816, 80367088, 38
1658164816, 86421966, 38
1658164816, 92345952, 38
1658164816, 98443984, 38
1658164816, 104435920, 38
1658164816, 110426902, 38
1658164816, 116410017, 38
1658164816, 122422933, 38
1658164816, 128375053, 38
1658164816, 134365081, 38
1658164816, 140418052, 38
1658164816, 146418094, 38
1658164816, 152348041, 38
1658164816, 158421993, 38
1658164816, 164321899, 38
1658164816, 170432090, 38
1658164816, 176322937, 38
1658164816, 182419061, 38
1658164816, 188405036, 38
1658164816, 194308042, 38
1658164816, 200314998, 38
1658164816, 206340074, 38
1658164816, 212316989, 38
1658164816, 218336105, 38
1658164816, 224320888, 38
1658164816, 230357885, 38
1658164816, 236408948, 38
1658164816, 242357015, 38
1658164816, 248316049, 38
1658164816, 254317045, 38
1658164816, 260370969, 38
1658164816, 266406059, 38
1658164816, 272367954, 38
1658164816, 278412103, 38
1658164816, 284375905, 38
1658164816, 290385007, 38
1658164816, 296353101, 38
1658164816, 302361011, 38
1658164816, 308393001, 38
1658164816, 314346075, 38
1658164816, 320368051, 38
1658164816, 326323032, 38
1658164816, 332356929, 38
1658164816, 338409900, 38
1658164816, 344337940, 38
1658164816, 350414991, 38
1658164816, 356339931, 38
1658164816, 362421989, 38
1658164816, 368391036, 38
1658164816, 374418020, 38
1658164816, 380347967, 38
1658164816, 386420965, 38
1658164816, 392335891, 38
1658164816, 398349046, 38
1658164816, 404376983, 38
1658164816, 410340070, 38
1658164816, 416347026, 38
1658164816, 422420978, 38
1658164816, 428394079, 38
1658164816, 434428930, 38
1658164816, 440448045, 38
1658164816, 446348905, 38
1658164816, 452403068, 38
1658164816, 458350896, 38
1658164816, 464585065, 38
1658164816, 470428943, 38
1658164816, 476408958, 38
1658164816, 482347965, 38
1658164816, 488408088, 38
1658164816, 494430065, 38
1658164816, 500348091, 38
1658164816, 506441116, 38
1658164816, 512350082, 38
1658164816, 518425941, 38
1658164816, 524394035, 38
1658164816, 530349016, 38
1658164816, 536407947, 38
1658164816, 542409896, 38
1658164816, 548394918, 38
1658164816, 554383039, 38
1658164816, 560410976, 38
1658164816, 566418886, 38
1658164816, 572400093, 38
1658164816, 578416109, 38
1658164816, 584446907, 38
1658164816, 590430974, 38
1658164816, 596390008, 38
1658164816, 602416038, 38
1658164816, 608356952, 38
1658164816, 614403009, 38
1658164816, 620335102, 38
1658164816, 626349925, 38
1658164816, 632389068, 38
1658164816, 638391017, 38
1658164816, 644332885, 38
1658164816, 650409936, 38
1658164816, 656374931, 38
1658164816, 662419080, 38
1658164816, 668392896, 38
1658164816, 674349069, 38
1658164816, 680388927, 38
1658164816, 686428070, 38
1658164816, 692344903, 38
1658164816, 698422908, 38
1658164816, 704355001, 38
1658164816, 710426092, 38
1658164816, 716372966, 38
1658164816, 722343921, 38
1658164816, 728425025, 38
1658164816, 734334945, 38
1658164816, 740361928, 38
1658164816, 746423959, 38
1658164816, 752379894, 38
1658164816, 758322954, 38
1658164816, 764349937, 38
1658164816, 770426988, 38
1658164816, 776403903, 38
1658164816, 782407045, 38
1658164816, 788422107, 38
1658164816, 794399976, 38
1658164816, 800375938, 38
1658164816, 806401968, 38
1658164816, 812377929, 38
1658164816, 818413972, 38
1658164816, 824390888, 38
1658164816, 830415964, 38
1658164816, 836399078, 38
1658164816, 842418909, 38
1658164816, 848390102, 38
1658164816, 854422092, 38
1658164816, 860375881, 38
1658164816, 866301059, 38
1658164816, 872323036, 38
1658164816, 878412961, 38
1658164816, 884399890, 38
1658164816, 890408039, 38
1658164816, 896401882, 38
1658164816, 902419090, 38
1658164816, 908370018, 38
1658164816, 914335966, 38
1658164816, 920382976, 38
1658164816, 926405906, 38
1658164816, 932378053, 38
1658164816, 938396930, 38
1658164816, 944386959, 38
1658164816, 950330972, 38
1658164816, 956348896, 38
1658164816, 962418079, 38
1658164816, 968379974, 38
1658164816, 974411964, 38
1658164816, 980395078, 38
1658164816, 986409902, 38
1658164816, 992352008, 38
1658164816, 998347997, 38
1658164817, 4331111, 38
1658164817, 10405063, 38
1658164817, 16375064, 38
1658164817, 22412061, 38
1658164817, 28389930, 38
1658164817, 34423112, 38
1658164817, 40409088, 38
1658164817, 46401023, 38
1658164817, 52336931, 38
1658164817, 58427095, 38
1658164817, 64368009, 38
1658164817, 70408105, 38
1658164817, 76364994, 38
1658164817, 82446098, 38
1658164817, 88387012, 38
1658164817, 94403982, 38
1658164817, 100390911, 38
1658164817, 106343030, 38
1658164817, 112302064, 38
1658164817, 118324995, 38
1658164817, 124290943, 38
1658164817, 130403995, 38
1658164817, 136398077, 38
1658164817, 142379999, 38
1658164817, 148330926, 38
1658164817, 154408931, 38
1658164817, 160319089, 38
1658164817, 166341066, 38
1658164817, 172391891, 38
1658164817, 178349971, 38
1658164817, 184438943, 38
1658164817, 190418958, 38
1658164817, 196381092, 38
1658164817, 202409982, 38
1658164817, 208369970, 38
1658164817, 214329004, 38
1658164817, 220335006, 38
1658164817, 226304054, 38
1658164817, 232378005, 38
1658164817, 238415956, 38
1658164817, 244390010, 38
1658164817, 250423908, 38
1658164817, 256402015, 38
1658164817, 262413024, 38
1658164817, 268390893, 38
1658164817, 274441003, 38
1658164817, 280396938, 38
1658164817, 286418914, 38
1658164817, 292393922, 38
1658164817, 298379898, 38
1658164817, 304316997, 38
1658164817, 310410976, 38
1658164817, 316505908, 38
1658164817, 322426080, 38
1658164817, 328418970, 38
1658164817, 334377050, 38
1658164817, 340421915, 38
1658164817, 346476078, 38
1658164817, 352379083, 38
1658164817, 358424901, 38
1658164817, 364393949, 38
1658164817, 370383977, 38
1658164817, 376409053, 38
1658164817, 382386922, 38
1658164817, 388386964, 38
1658164817, 394397020, 38
1658164817, 400412082, 38
1658164817, 406419992, 38
1658164817, 412348031, 38
1658164817, 418409109, 38
1658164817, 424338102, 38
1658164817, 430327892, 38
1658164817, 436450004, 38
1658164817, 442394971, 38
1658164817, 448410987, 38
1658164817, 454402923, 38
1658164817, 460380077, 38
1658164817, 466381072, 38
1658164817, 472409963, 38
1658164817, 478401899, 38
1658164817, 484313011, 38
1658164817, 490365982, 38
1658164817, 496386051, 38
1658164817, 502402067, 38
1658164817, 508378982, 38
1658164817, 514362096, 38
1658164817, 520368099, 38
1658164817, 526375055, 38
1658164817, 532316923, 38
1658164817, 538403034, 38
1658164817, 544471979, 38
1658164817, 550429105, 38
1658164817, 556396007, 38
1658164817, 562424898, 38
1658164817, 568408012, 38
1658164817, 574441909, 38
1658164817, 580351114, 38
1658164817, 586415052, 38
1658164817, 592386960, 38
1658164817, 598429918, 38
1658164817, 604394912, 38
1658164817, 610411882, 38
1658164817, 616380929, 38
1658164817, 622412919, 38
1658164817, 628365039, 38
1658164817, 634418964, 38
1658164817, 640352964, 38
1658164817, 646313905, 38
1658164817, 652312040, 38
1658164817, 658337116, 38
1658164817, 664371013, 38
1658164817, 670387983, 38
1658164817, 676371097, 38
1658164817, 682420969, 38
1658164817, 688370943, 38
1658164817, 694365024, 38
1658164817, 700356006, 38
1658164817, 706407070, 38
1658164817, 712382078, 38
1658164817, 718405008, 38
1658164817, 724378108, 38
1658164817, 730446100, 38
1658164817, 736315965, 38
1658164817, 742384910, 38
1658164817, 748321056, 38
1658164817, 754390954, 38
1658164817, 760379076, 38
1658164817, 766395092, 38
1658164817, 772315025, 38
1658164817, 778383970, 38
1658164817, 784389972, 38
1658164817, 790399074, 38
1658164817, 796367883, 38
1658164817, 802405118, 38
1658164817, 808365106, 38
1658164817, 814408063, 38
1658164817, 820367097, 38
1658164817, 826308965, 38
1658164817, 832386970, 38
1658164817, 838393926, 38
1658164817, 844389915, 38
1658164817, 850317001, 38
1658164817, 856395959, 38
1658164817, 862399101, 38
1658164817, 868326902, 38
1658164817, 874361991, 38
1658164817, 880429029, 38
1658164817, 886404037, 38
1658164817, 892378091, 38
1658164817, 898400068, 38
1658164817, 904370069, 38
1658164817, 910407066, 38
1658164817, 916357994, 38
1658164817, 922374963, 38
1658164817, 928385972, 38
1658164817, 934305906, 38
1658164817, 940387964, 38
1658164817, 946399927, 38
1658164817, 952317953, 38
1658164817, 958338022, 38
1658164817, 964330911, 38
1658164817, 970387935, 38
1658164817, 976368904, 38
1658164817, 982399940, 38
1658164817, 988380908, 38
1658164817, 994343042, 38
1658164818, 389099, 38
1658164818, 6390094, 38
1658164818, 12320041, 38
1658164818, 18394947, 38
1658164818, 24364948, 38
1658164818, 30390024, 38
1658164818, 36371946, 38
1658164818, 42413949, 38
1658164818, 48346996, 38
1658164818, 54394006, 38
1658164818, 60367107, 38
1658164818, 66370010, 38
1658164818, 72288990, 38
1658164818, 78389883, 38
1658164818, 84372043, 38
1658164818, 90396881, 38
1658164818, 96362113, 38
1658164818, 102399110, 38
1658164818, 108349084, 38
1658164818, 114384889, 38
1658164818, 120378017, 38
1658164818, 126405000, 38
1658164818, 132307052, 38
1658164818, 138406038, 38
1658164818, 144364118, 38
1658164818, 150321006, 38
1658164818, 156377077, 38
1658164818, 162394046, 38
1658164818, 168380975, 38
1658164818, 174401044, 38
1658164818, 180392026, 38
1658164818, 186394929, 38
1658164818, 192383050, 38
1658164818, 198407888, 38
1658164818, 204380035, 38
1658164818, 210361957, 38
1658164818, 216377973, 38
1658164818, 222387075, 38
1658164818, 228363037, 38
1658164818, 234389066, 38
1658164818, 240386962, 38
1658164818, 246386051, 38
1658164818, 252350091, 38
1658164818, 258390903, 38
1658164818, 264355897, 38
1658164818, 270369052, 38
1658164818, 276381015, 38
1658164818, 282357931, 38
1658164818, 288350105, 38
1658164818, 294393062, 38
1658164818, 300304889, 38
1658164818, 306401968, 38
1658164818, 312324047, 38
1658164818, 318387985, 38
1658164818, 324340105, 38
1658164818, 330398082, 38
1658164818, 336369037, 38
1658164818, 342381000, 38
1658164818, 348360061, 38
1658164818, 354384899, 38
1658164818, 360357999, 38
1658164818, 366388082, 38
1658164818, 372370958, 38
1658164818, 378391027, 38
1658164818, 384376049, 38
1658164818, 390386104, 38
1658164818, 396363973, 38
1658164818, 402318000, 38
1658164818, 408380985, 38
1658164818, 414323091, 38
1658164818, 420317888, 38
1658164818, 426393985, 38
1658164818, 432372093, 38
1658164818, 438396930, 38
1658164818, 444399118, 38
1658164818, 450393915, 38
1658164818, 456371068, 38
1658164818, 462408065, 38
1658164818, 468368053, 38
1658164818, 474406003, 38
1658164818, 480403900, 38
1658164818, 486324071, 38
1658164818, 492383003, 38
1658164818, 498405933, 38
1658164818, 504374980, 38
1658164818, 510386943, 38
1658164818, 516385078, 38
1658164818, 522388935, 38
1658164818, 528311014, 38
1658164818, 534311056, 38
1658164818, 540360927, 38
1658164818, 546394109, 38
1658164818, 552361011, 38
1658164818, 558396100, 38
1658164818, 564373970, 38
1658164818, 570358991, 38
1658164818, 576375961, 38
1658164818, 582313060, 38
1658164818, 588327884, 38
1658164818, 594396114, 38
1658164818, 600374937, 38
1658164818, 606391906, 38
1658164818, 612365007, 38
1658164818, 618388891, 38
1658164818, 624366044, 38
1658164818, 630394935, 38
1658164818, 636365890, 38
1658164818, 642321109, 38
1658164818, 648367881, 38
1658164818, 654364109, 38
1658164818, 660362958, 38
1658164818, 666390895, 38
1658164818, 672382116, 38
1658164818, 678396940, 38
1658164818, 684307098, 38
1658164818, 690442085, 38
1658164818, 696347951, 38
1658164818, 702413082, 38
1658164818, 708308935, 38
1658164818, 714342117, 38
1658164818, 720356941, 38
1658164818, 726386070, 38
1658164818, 732304096, 38
1658164818, 738360881, 38
1658164818, 744365930, 38
1658164818, 750391960, 38
1658164818, 756392002, 38
1658164818, 762397050, 38
1658164818, 768433094, 38
1658164818, 774403095, 38
1658164818, 780313014, 38
1658164818, 786387920, 38
1658164818, 792361021, 38
1658164818, 798394918, 38
1658164818, 804368019, 38
1658164818, 810400962, 38
1658164818, 816348075, 38
1658164818, 822370052, 38
1658164818, 828300952, 38
1658164818, 834405899, 38
1658164818, 840401887, 38
1658164818, 846345901, 38
1658164818, 852319955, 38
1658164818, 858319997, 38
1658164818, 864362955, 38
1658164818, 870389938, 38
1658164818, 876368045, 38
1658164818, 882394075, 38
1658164818, 888385057, 38
1658164818, 894340038, 38
1658164818, 900365114, 38
1658164818, 906383991, 38
1658164818, 912367105, 38
1658164818, 918363094, 38
1658164818, 924365043, 38
1658164818, 930358886, 38
1658164818, 936331033, 38
1658164818, 942342996, 38
1658164818, 948303937, 38
1658164818, 954305887, 38
1658164818, 960247993, 38
1658164818, 966259002, 38
1658164818, 972230911, 38
1658164818, 978279113, 38
1658164818, 984229087, 38
1658164818, 990266084, 38
1658164818, 996259927, 38
1658164819, 2290964, 38
1658164819, 8274078, 38
1658164819, 14347076, 38
1658164819, 20354032, 38
1658164819, 26386022, 38
1658164819, 32334089, 38
1658164819, 38315057, 38
1658164819, 44357061, 38
1658164819, 50373077, 38
1658164819, 56371927, 38
1658164819, 62417984, 38
1658164819, 68382024, 38
1658164819, 74408054, 38
1658164819, 80396890, 38
1658164819, 86375951, 38
1658164819, 92376947, 38
1658164819, 98392009, 38
1658164819, 104309082, 38
1658164819, 110331058, 38
1658164819, 116365909, 38
1658164819, 122314929, 38
1658164819, 128293037, 38
1658164819, 134339094, 38
1658164819, 140403032, 38
1658164819, 146321058, 38
1658164819, 152362108, 38
1658164819, 158354997, 38
1658164819, 164340019, 38
1658164819, 170335054, 38
1658164819, 176304101, 38
1658164819, 182400941, 38
1658164819, 188373088, 38
1658164819, 194346904, 38
1658164819, 200367927, 38
1658164819, 206384897, 38
1658164819, 212341070, 38
1658164819, 218404054, 38
1658164819, 224289894, 38
1658164819, 230295896, 38
1658164819, 236347913, 38
1658164819, 242396116, 38
1658164819, 248332977, 38
1658164819, 254293918, 38
1658164819, 260302066, 38
1658164819, 266436100, 38
1658164819, 272372007, 38
1658164819, 278388977, 38
1658164819, 284375905, 38
1658164819, 290414094, 38
1658164819, 296349048, 38
1658164819, 302381992, 38
1658164819, 308377027, 38
1658164819, 314371109, 38
1658164819, 320322036, 38
1658164819, 326396942, 38
1658164819, 332365989, 38
1658164819, 338407993, 38
1658164819, 344358921, 38
1658164819, 350384950, 38
1658164819, 356347084, 38
1658164819, 362375974, 38
1658164819, 368360042, 38
1658164819, 374375104, 38
1658164819, 380362987, 38
1658164819, 386338949, 38
1658164819, 392314910, 38
1658164819, 398382902, 38
1658164819, 404361009, 38
1658164819, 410324096, 38
1658164819, 416356086, 38
1658164819, 422379016, 38
1658164819, 428358078, 38
1658164819, 434336900, 38
1658164819, 440340995, 38
1658164819, 446737051, 38
1658164819, 452256917, 38
1658164819, 458230972, 38
1658164819, 464226961, 38
1658164819, 470259904, 38
1658164819, 476281881, 38
1658164819, 482264041, 38
1658164819, 488248109, 38
1658164819, 494261980, 38
1658164819, 500291109, 38
1658164819, 506364107, 38
1658164819, 512296915, 38
1658164819, 518374919, 38
1658164819, 524303913, 38
1658164819, 530320882, 38
1658164819, 536297082, 38
1658164819, 542306900, 38
1658164819, 548366069, 38
1658164819, 554375886, 38
1658164819, 560360908, 38
1658164819, 566287994, 38
1658164819, 572375059, 38
1658164819, 578315019, 38
1658164819, 584304094, 38
1658164819, 590405941, 38
1658164819, 596354961, 38
1658164819, 602385997, 38
1658164819, 608355998, 38
1658164819, 614296913, 38
1658164819, 620312929, 38
1658164819, 626380920, 38
1658164819, 632324934, 38
1658164819, 638380050, 38
1658164819, 644366025, 38
1658164819, 650338888, 38
1658164819, 656310081, 38
1658164819, 662384033, 38
1658164819, 668368101, 38
1658164819, 674390077, 38
1658164819, 680330038, 38
1658164819, 686304092, 38
1658164819, 692354917, 38
1658164819, 698400974, 38
1658164819, 704293966, 38
1658164819, 710298061, 38
1658164819, 716353893, 38
1658164819, 722337961, 38
1658164819, 728338003, 38
1658164819, 734313011, 38
1658164819, 740314006, 38
1658164819, 746345043, 38
1658164819, 752321958, 38
1658164819, 758374929, 38
1658164819, 764343023, 38
1658164819, 770375013, 38
1658164819, 776281118, 38
1658164819, 782304048, 38
1658164819, 788302898, 38
1658164819, 794384956, 38
1658164819, 800282955, 38
1658164819, 806365013, 38
1658164819, 812326908, 38
1658164819, 818341016, 38
1658164819, 824347019, 38
1658164819, 830380916, 38
1658164819, 836294889, 38
1658164819, 842372894, 38
1658164819, 848295927, 38
1658164819, 854362964, 38
1658164819, 860287904, 38
1658164819, 866364955, 38
1658164819, 872281074, 38
1658164819, 878369092, 38
1658164819, 884360074, 38
1658164819, 890364885, 38
1658164819, 896342039, 38
1658164819, 902380943, 38
1658164819, 908279895, 38
1658164819, 914283037, 38
1658164819, 920345067, 38
1658164819, 926330089, 38
1658164819, 932250976, 38
1658164819, 938273906, 38
1658164819, 944221019, 38
1658164819, 950330972, 38
1658164819, 956233978, 38
1658164819, 962258100, 38
1658164819, 968256950, 38
1658164819, 974232912, 38
1658164819, 980336904, 38
1658164819, 986323118, 38
1658164819, 992343902, 38
1658164819, 998315095, 38
1658164820, 4286050, 38
1658164820, 10309934, 38
1658164820, 16336917, 38
1658164820, 22372961, 38
1658164820, 28342008, 38
1658164820, 34368038, 38
1658164820, 40393114, 38
1658164820, 46366930, 38
1658164820, 52352905, 38
1658164820, 58372974, 38
1658164820, 64343929, 38
1658164820, 70341110, 38
1658164820, 76354026, 38
1658164820, 82293033, 38
1658164820, 88345050, 38
1658164820, 94360113, 38
1658164820, 100296020, 38
1658164820, 106323003, 38
1658164820, 112339019, 38
1658164820, 118362903, 38
1658164820, 124285936, 38
1658164820, 130367994, 38
1658164820, 136333942, 38
1658164820, 142374038, 38
1658164820, 148339986, 38
1658164820, 154371976, 38
1658164820, 160351991, 38
1658164820, 166379928, 38
1658164820, 172283887, 38
1658164820, 178370952, 38
1658164820, 184396982, 38
1658164820, 190313100, 38
1658164820, 196353912, 38
1658164820, 202307939, 38
1658164820, 208348035, 38
1658164820, 214370965, 38
1658164820, 220300912, 38
1658164820, 226372003, 38
1658164820, 232283115, 38
1658164820, 238353013, 38
1658164820, 244364023, 38
1658164820, 250375032, 38
1658164820, 256369113, 38
1658164820, 262376070, 38
1658164820, 268368959, 38
1658164820, 274372100, 38
1658164820, 280333995, 38
1658164820, 286389112, 38
1658164820, 292300939, 38
1658164820, 298360109, 38
1658164820, 304331064, 38
1658164820, 310359001, 38
1658164820, 316344022, 38
1658164820, 322366952, 38
1658164820, 328344106, 38
1658164820, 334382057, 38
1658164820, 340387105, 38
1658164820, 346366882, 38
1658164820, 352361917, 38
1658164820, 358377933, 38
1658164820, 364336013, 38
1658164820, 370361089, 38
1658164820, 376364946, 38
1658164820, 382283926, 38
1658164820, 388339042, 38
1658164820, 394319057, 38
1658164820, 400338888, 38
1658164820, 406359910, 38
1658164820, 412338972, 38
1658164820, 418323040, 38
1658164820, 424335002, 38
1658164820, 430344104, 38
1658164820, 436345100, 38
1658164820, 442347049, 38
1658164820, 448344945, 38
1658164820, 454279899, 38
1658164820, 460256099, 38
1658164820, 466247081, 38
1658164820, 472213029, 38
1658164820, 478255033, 38
1658164820, 484285116, 38
1658164820, 490262031, 38
1658164820, 496217966, 38
1658164820, 502228021, 38
1658164820, 508244037, 38
1658164820, 514307975, 38
1658164820, 520345926, 38
1658164820, 526339054, 38
1658164820, 532330989, 38
1658164820, 538290977, 38
1658164820, 544358015, 38
1658164820, 550340890, 38
1658164820, 556358098, 38
1658164820, 562357902, 38
1658164820, 568331956, 38
1658164820, 574314117, 38
1658164820, 580394983, 38
1658164820, 586380004, 38
1658164820, 592354059, 38
1658164820, 598386049, 38
1658164820, 604336977, 38
1658164820, 610354900, 38
1658164820, 616420984, 38
1658164820, 622379064, 38
1658164820, 628345966, 38
1658164820, 634412050, 38
1658164820, 640410900, 38
1658164820, 646446943, 38
1658164820, 652393102, 38
1658164820, 658391952, 38
1658164820, 664345979, 38
1658164820, 670391082, 38
1658164820, 676290988, 38
1658164820, 682387113, 38
1658164820, 688366889, 38
1658164820, 694386005, 38
1658164820, 700362920, 38
1658164820, 706373929, 38
1658164820, 712343931, 38
1658164820, 718384981, 38
1658164820, 724354982, 38
1658164820, 730391025, 38
1658164820, 736356973, 38
1658164820, 742366075, 38
1658164820, 748338937, 38
1658164820, 754297018, 38
1658164820, 760279893, 38
1658164820, 766360998, 38
1658164820, 772289037, 38
1658164820, 778369903, 38
1658164820, 784275054, 38
1658164820, 790388107, 38
1658164820, 796295881, 38
1658164820, 802301883, 38
1658164820, 808339118, 38
1658164820, 814356088, 38
1658164820, 820285081, 38
1658164820, 826292991, 38
1658164820, 832324981, 38
1658164820, 838319063, 38
1658164820, 844348907, 38
1658164820, 850270032, 38
1658164820, 856477022, 38
1658164820, 862319946, 38
1658164820, 868276119, 38
1658164820, 874362945, 38
1658164820, 880335092, 38
1658164820, 886357069, 38
1658164820, 892334938, 38
1658164820, 898279905, 38
1658164820, 904325962, 38
1658164820, 910351991, 38
1658164820, 916323900, 38
1658164820, 922353029, 38
1658164820, 928332090, 38
1658164820, 934322118, 38
1658164820, 940270900, 38
1658164820, 946476936, 38
1658164820, 952297925, 38
1658164820, 958360910, 38
1658164820, 964334011, 38
1658164820, 970365047, 38
1658164820, 976344108, 38
1658164820, 982306957, 38
1658164820, 988346099, 38
1658164820, 994364023, 38
1658164821, 298023, 38
1658164821, 6390094, 38
1658164821, 12294054, 38
1658164821, 18277883, 38
1658164821, 24298906, 38
1658164821, 30405044, 38
1658164821, 36338090, 38
1658164821, 42366027, 38
1658164821, 48295974, 38
1658164821, 54344892, 38
1658164821, 60388088, 38
1658164821, 66287040, 38
1658164821, 72287082, 38
1658164821, 78378915, 38
1658164821, 84330081, 38
1658164821, 90322017, 38
1658164821, 96368074, 38
1658164821, 102354049, 38
1658164821, 108278036, 38
1658164821, 114289045, 38
1658164821, 120325088, 38
1658164821, 126358985, 38
1658164821, 132322072, 38
1658164821, 138355970, 38
1658164821, 144274950, 38
1658164821, 150368928, 38
1658164821, 156327009, 38
1658164821, 162349939, 38
1658164821, 168334007, 38
1658164821, 174360990, 38
1658164821, 180347919, 38
1658164821, 186356067, 38
1658164821, 192344903, 38
1658164821, 198368072, 38
1658164821, 204339027, 38
1658164821, 210289955, 38
1658164821, 216296911, 38
1658164821, 222362041, 38
1658164821, 228341102, 38
1658164821, 234307050, 38
1658164821, 240300893, 38
1658164821, 246316909, 38
1658164821, 252352952, 38
1658164821, 258361101, 38
1658164821, 264302015, 38
1658164821, 270359039, 38
1658164821, 276350021, 38
1658164821, 282349109, 38
1658164821, 288328886, 38
1658164821, 294354915, 38
1658164821, 300278902, 38
1658164821, 306350946, 38
1658164821, 312324047, 38
1658164821, 318367004, 38
1658164821, 324342966, 38
1658164821, 330394983, 38
1658164821, 336332082, 38
1658164821, 342351913, 38
1658164821, 348329067, 38
1658164821, 354352951, 38
1658164821, 360359907, 38
1658164821, 366339921, 38
1658164821, 372334003, 38
1658164821, 378359079, 38
1658164821, 384329080, 38
1658164821, 390336036, 38
1658164821, 396347045, 38
1658164821, 402350902, 38
1658164821, 408324003, 38
1658164821, 414355039, 38
1658164821, 420293092, 38
1658164821, 426326990, 38
1658164821, 432370901, 38
1658164821, 438272953, 38
1658164821, 444240093, 38
1658164821, 450238943, 38
1658164821, 456242084, 38
1658164821, 462254047, 38
1658164821, 468238115, 38
1658164821, 474246978, 38
1658164821, 480237007, 38
1658164821, 486207008, 38
1658164821, 492227077, 38
1658164821, 498224020, 38
1658164821, 504297018, 38
1658164821, 510328054, 38
1658164821, 516326904, 38
1658164821, 522300958, 38
1658164821, 528284072, 38
1658164821, 534354925, 38
1658164821, 540364980, 38
1658164821, 546277999, 38
1658164821, 552294015, 38
1658164821, 558341026, 38
1658164821, 564311027, 38
1658164821, 570295095, 38
1658164821, 576359033, 38
1658164821, 582343101, 38
1658164821, 588327884, 38
1658164821, 594338893, 38
1658164821, 600373983, 38
1658164821, 606338977, 38
1658164821, 612354040, 38
1658164821, 618334054, 38
1658164821, 624357938, 38
1658164821, 630357980, 38
1658164821, 636344909, 38
1658164821, 642345905, 38
1658164821, 648597955, 38
1658164821, 654284954, 38
1658164821, 660316944, 38
1658164821, 666336059, 38
1658164821, 672293901, 38
1658164821, 678334951, 38
1658164821, 684370040, 38
1658164821, 690396070, 38
1658164821, 696264982, 38
1658164821, 702270984, 38
1658164821, 708241939, 38
1658164821, 714272022, 38
1658164821, 720257043, 38
1658164821, 726262092, 38
1658164821, 732283115, 38
1658164821, 738236904, 38
1658164821, 744252920, 38
1658164821, 750272035, 38
1658164821, 756305932, 38
1658164821, 762300968, 38
1658164821, 768269062, 38
1658164821, 774328947, 38
1658164821, 780366897, 38
1658164821, 786318063, 38
1658164821, 792300939, 38
1658164821, 798321008, 38
1658164821, 804290056, 38
1658164821, 810338020, 38
1658164821, 816292047, 38
1658164821, 822319030, 38
1658164821, 828260898, 38
1658164821, 834331989, 38
1658164821, 840378046, 38
1658164821, 846292018, 38
1658164821, 852272033, 38
1658164821, 858328104, 38
1658164821, 864351987, 38
1658164821, 870326995, 38
1658164821, 876353025, 38
1658164821, 882281064, 38
1658164821, 888334035, 38
1658164821, 894321918, 38
1658164821, 900350093, 38
1658164821, 906322956, 38
1658164821, 912374019, 38
1658164821, 918327093, 38
1658164821, 924354076, 38
1658164821, 930322885, 38
1658164821, 936369895, 38
1658164821, 942336082, 38
1658164821, 948282957, 38
1658164821, 954277038, 38
1658164821, 960232973, 38
1658164821, 966294050, 38
1658164821, 972256898, 38
1658164821, 978280067, 38
1658164821, 984277963, 38
1658164821, 990300893, 38
1658164821, 996279954, 38
1658164822, 2266883, 38
1658164822, 8279085, 38
1658164822, 14272928, 38
1658164822, 20273923, 38
1658164822, 26328086, 38
1658164822, 32285928, 38
1658164822, 38330078, 38
1658164822, 44282913, 38
1658164822, 50307989, 38
1658164822, 56375026, 38
1658164822, 62330961, 38
1658164822, 68355083, 38
1658164822, 74347972, 38
1658164822, 80389022, 38
1658164822, 86329936, 38
1658164822, 92355966, 38
1658164822, 98328113, 38
1658164822, 104260921, 38
1658164822, 110322952, 38
1658164822, 116344928, 38
1658164822, 122320890, 38
1658164822, 128345012, 38
1658164822, 134290933, 38
1658164822, 140352964, 38
1658164822, 146337985, 38
1658164822, 152357101, 38
1658164822, 158319950, 38
1658164822, 164354085, 38
1658164822, 170327901, 38
1658164822, 176306962, 38
1658164822, 182323932, 38
1658164822, 188353061, 38
1658164822, 194303989, 38
1658164822, 200323104, 38
1658164822, 206316947, 38
1658164822, 212359905, 38
1658164822, 218321084, 38
1658164822, 224356889, 38
1658164822, 230323076, 38
1658164822, 236323118, 38
1658164822, 242321014, 38
1658164822, 248341083, 38
1658164822, 254261016, 38
1658164822, 260354042, 38
1658164822, 266340017, 38
1658164822, 272356986, 38
1658164822, 278337001, 38
1658164822, 284348964, 38
1658164822, 290349960, 38
1658164822, 296343088, 38
1658164822, 302324056, 38
1658164822, 308348894, 38
1658164822, 314325094, 38
1658164822, 320254087, 38
1658164822, 326317071, 38
1658164822, 332274913, 38
1658164822, 338320970, 38
1658164822, 344356060, 38
1658164822, 350271940, 38
1658164822, 356360912, 38
1658164822, 362314939, 38
1658164822, 368349075, 38
1658164822, 374329090, 38
1658164822, 380352020, 38
1658164822, 386316061, 38
1658164822, 392353057, 38
1658164822, 398320913, 38
1658164822, 404284000, 38
1658164822, 410321950, 38
1658164822, 416351079, 38
1658164822, 422292947, 38
1658164822, 428265094, 38
1658164822, 434307098, 38
1658164822, 440283060, 38
1658164822, 446316957, 38
1658164822, 452351093, 38
1658164822, 458307027, 38
1658164822, 464281082, 38
1658164822, 470268011, 38
1658164822, 476222991, 38
1658164822, 482270956, 38
1658164822, 488272905, 38
1658164822, 494261980, 38
1658164822, 500226974, 38
1658164822, 506230115, 38
1658164822, 512238025, 38
1658164822, 518266916, 38
1658164822, 524240970, 38
1658164822, 530297040, 38
1658164822, 536299943, 38
1658164822, 542326927, 38
1658164822, 548337936, 38
1658164822, 554332971, 38
1658164822, 560339927, 38
1658164822, 566345930, 38
1658164822, 572343111, 38
1658164822, 578628063, 38
1658164822, 584353923, 38
1658164822, 590339899, 38
1658164822, 596344947, 38
1658164822, 602303028, 38
1658164822, 608351945, 38
1658164822, 614324092, 38
1658164822, 620357036, 38
1658164822, 626306056, 38
1658164822, 632314920, 38
1658164822, 638340950, 38
1658164822, 644336938, 38
1658164822, 650300025, 38
1658164822, 656342029, 38
1658164822, 662317037, 38
1658164822, 668361902, 38
1658164822, 674287080, 38
1658164822, 680258035, 38
1658164822, 686304092, 38
1658164822, 692352056, 38
1658164822, 698312997, 38
1658164822, 704334974, 38
1658164822, 710318088, 38
1658164822, 716254949, 38
1658164822, 722306013, 38
1658164822, 728354930, 38
1658164822, 734313964, 38
1658164822, 740371942, 38
1658164822, 746251106, 38
1658164822, 752279996, 38
1658164822, 758308887, 38
1658164822, 764341115, 38
1658164822, 770288944, 38
1658164822, 776344060, 38
1658164822, 782267093, 38
1658164822, 788316965, 38
1658164822, 794265031, 38
1658164822, 800251960, 38
1658164822, 806310892, 38
1658164822, 812251091, 38
1658164822, 818309068, 38
1658164822, 824290037, 38
1658164822, 830343961, 38
1658164822, 836348056, 38
1658164822, 842314958, 38
1658164822, 848262071, 38
1658164822, 854363918, 38
1658164822, 860347032, 38
1658164822, 866322040, 38
1658164822, 872400045, 38
1658164822, 878330945, 38
1658164822, 884362936, 38
1658164822, 890325069, 38
1658164822, 896364927, 38
1658164822, 902255058, 38
1658164822, 908319950, 38
1658164822, 914292097, 38
1658164822, 920336008, 38
1658164822, 926310062, 38
1658164822, 932354927, 38
1658164822, 938348054, 38
1658164822, 944315910, 38
1658164822, 950256109, 38
1658164822, 956253051, 38
1658164822, 962275981, 38
1658164822, 968240022, 38
1658164822, 974292039, 38
1658164822, 980230093, 38
1658164822, 986249923, 38
1658164822, 992248058, 38
1658164822, 998250007, 38
1658164823, 4262924, 38
1658164823, 10253906, 38
1658164823, 16238927, 38
1658164823, 22283077, 38
1658164823, 28305053, 38
1658164823, 34293889, 38
1658164823, 40363073, 38
1658164823, 46231985, 38
1658164823, 52231073, 38
1658164823, 58305025, 38
1658164823, 64310073, 38
1658164823, 70314884, 38
1658164823, 76280117, 38
1658164823, 82340002, 38
1658164823, 88346004, 38
1658164823, 94306945, 38
1658164823, 100254058, 38
1658164823, 106250047, 38
1658164823, 112325906, 38
1658164823, 118308067, 38
1658164823, 124264955, 38
1658164823, 130244016, 38
1658164823, 136327028, 38
1658164823, 142337083, 38
1658164823, 148252010, 38
1658164823, 154237031, 38
1658164823, 160290002, 38
1658164823, 166275978, 38
1658164823, 172230958, 38
1658164823, 178318023, 38
1658164823, 184283971, 38
1658164823, 190319061, 38
1658164823, 196336030, 38
1658164823, 202312946, 38
1658164823, 208246946, 38
1658164823, 214313030, 38
1658164823, 220226049, 38
1658164823, 226244926, 38
1658164823, 232284069, 38
1658164823, 238254070, 38
1658164823, 244256973, 38
1658164823, 250267982, 38
1658164823, 256270885, 38
1658164823, 262258052, 38
1658164823, 268300056, 38
1658164823, 274312973, 38
1658164823, 280340909, 38
1658164823, 286319017, 38
1658164823, 292267084, 38
1658164823, 298309087, 38
1658164823, 304327011, 38
1658164823, 310302972, 38
1658164823, 316343069, 38
1658164823, 322318077, 38
1658164823, 328319072, 38
1658164823, 334307909, 38
1658164823, 340358972, 38
1658164823, 346338033, 38
1658164823, 352334976, 38
1658164823, 358309030, 38
1658164823, 364299058, 38
1658164823, 370321989, 38
1658164823, 376307964, 38
1658164823, 382320880, 38
1658164823, 388298034, 38
1658164823, 394298076, 38
1658164823, 400290966, 38
1658164823, 406261920, 38
1658164823, 412250995, 38
1658164823, 418248891, 38
1658164823, 424253940, 38
1658164823, 430310964, 38
1658164823, 436517953, 38
1658164823, 442249059, 38
1658164823, 448342084, 38
1658164823, 454247951, 38
1658164823, 460279941, 38
1658164823, 466305971, 38
1658164823, 472254991, 38
1658164823, 478249073, 38
1658164823, 484246969, 38
1658164823, 490313053, 38
1658164823, 496330976, 38
1658164823, 502257108, 38
1658164823, 508322954, 38
1658164823, 514313936, 38
1658164823, 520317077, 38
1658164823, 526294946, 38
1658164823, 532300949, 38
1658164823, 538238048, 38
1658164823, 544321060, 38
1658164823, 550292968, 38
1658164823, 556252002, 38
1658164823, 562278985, 38
1658164823, 568274974, 38
1658164823, 574301958, 38
1658164823, 580337047, 38
1658164823, 586296081, 38
1658164823, 592272043, 38
1658164823, 598299026, 38
1658164823, 604321002, 38
1658164823, 610266923, 38
1658164823, 616308927, 38
1658164823, 622298955, 38
1658164823, 628319978, 38
1658164823, 634315013, 38
1658164823, 640340089, 38
1658164823, 646244049, 38
1658164823, 652312994, 38
1658164823, 658665895, 38
1658164823, 664320945, 38
1658164823, 670304059, 38
1658164823, 676266908, 38
1658164823, 682296037, 38
1658164823, 688303947, 38
1658164823, 694276094, 38
1658164823, 700298070, 38
1658164823, 706295013, 38
1658164823, 712337970, 38
1658164823, 718296051, 38
1658164823, 724325895, 38
1658164823, 730300903, 38
1658164823, 736339092, 38
1658164823, 742296934, 38
1658164823, 748327970, 38
1658164823, 754303932, 38
1658164823, 760288000, 38
1658164823, 766302108, 38
1658164823, 772320985, 38
1658164823, 778314113, 38
1658164823, 784339904, 38
1658164823, 790337085, 38
1658164823, 796288013, 38
1658164823, 802295923, 38
1658164823, 808243036, 38
1658164823, 814249038, 38
1658164823, 820327997, 38
1658164823, 826286077, 38
1658164823, 832324981, 38
1658164823, 838329076, 38
1658164823, 844341993, 38
1658164823, 850297927, 38
1658164823, 856311082, 38
1658164823, 862301111, 38
1658164823, 868334054, 38
1658164823, 874326944, 38
1658164823, 880367994, 38
1658164823, 886300086, 38
1658164823, 892311096, 38
1658164823, 898267030, 38
1658164823, 904323101, 38
1658164823, 910312891, 38
1658164823, 916261911, 38
1658164823, 922288894, 38
1658164823, 928303003, 38
1658164823, 934267997, 38
1658164823, 940321922, 38
1658164823, 946299076, 38
1658164823, 952321052, 38
1658164823, 958292007, 38
1658164823, 964270114, 38
1658164823, 970310926, 38
1658164823, 976289987, 38
1658164823, 982295989, 38
1658164823, 988332986, 38
1658164823, 994286060, 38
1658164824, 329971, 38
1658164824, 6289958, 38
1658164824, 12322902, 38
1658164824, 18291950, 38
1658164824, 24328947, 38
1658164824, 30302047, 38
1658164824, 36259889, 38
1658164824, 42252063, 38
1658164824, 48327922, 38
1658164824, 54292917, 38
1658164824, 60324907, 38
1658164824, 66317081, 38
1658164824, 72308063, 38
1658164824, 78299045, 38
1658164824, 84343910, 38
1658164824, 90328931, 38
1658164824, 96296072, 38
1658164824, 102257966, 38
1658164824, 108323097, 38
1658164824, 114301919, 38
1658164824, 120249032, 38
1658164824, 126240968, 38
1658164824, 132214069, 38
1658164824, 138305902, 38
1658164824, 144262075, 38
1658164824, 150304079, 38
1658164824, 156250953, 38
1658164824, 162235975, 38
1658164824, 168216943, 38
1658164824, 174285888, 38
1658164824, 180248975, 38
1658164824, 186280012, 38
1658164824, 192264080, 38
1658164824, 198296070, 38
1658164824, 204329013, 38
1658164824, 210285902, 38
1658164824, 216265916, 38
1658164824, 222311019, 38
1658164824, 228318929, 38
1658164824, 234287023, 38
1658164824, 240350961, 38
1658164824, 246288061, 38
1658164824, 252326965, 38
1658164824, 258651018, 38
1658164824, 264254093, 38
1658164824, 270314931, 38
1658164824, 276258945, 38
