5.986665369560552064e-01 -2.744094359128207428e-01 4.498755363656749551e-01
5.949630026369838731e-01 -2.725110742692622434e-01 4.473523170511346514e-01
5.912755796300525057e-01 -2.706303345863163567e-01 4.448524076939642802e-01
5.875883228844246409e-01 -2.687590838080479161e-01 4.423652380466262524e-01
5.839013699455676276e-01 -2.668972971937784711e-01 4.398907418474671815e-01
5.802148576309884564e-01 -2.650449497934159182e-01 4.374288530019614374e-01
5.765289220345005683e-01 -2.632020164516895577e-01 4.349795055856100490e-01
5.728436985314707686e-01 -2.613684718121730421e-01 4.325426338453685071e-01
5.691593217850293707e-01 -2.595442903210939956e-01 4.301181721996145679e-01
5.654759257532108174e-01 -2.577294462309307477e-01 4.277060552366822588e-01
5.617936436969969138e-01 -2.559239136037938511e-01 4.253062177119848464e-01
5.581126081892294755e-01 -2.541276663145945469e-01 4.229185945437571315e-01
5.544329511243526465e-01 -2.523406780540012884e-01 4.205431208074573157e-01
5.507548037289503595e-01 -2.505629223311859333e-01 4.181797317288645233e-01
5.470782965730389691e-01 -2.487943724763640729e-01 4.158283626759212148e-01
5.434035595820673192e-01 -2.470350016431311913e-01 4.134889491493662916e-01
5.401746691314496251e-01 -2.452130286271738679e-01 4.105147485596197243e-01
5.372024659380606471e-01 -2.433581526148742569e-01 4.071785765409703939e-01
5.339060405476242499e-01 -2.415645679349376906e-01 4.043277496779103530e-01
5.304944323871700895e-01 -2.397987525859608671e-01 4.016587780758069659e-01
5.267958933691334611e-01 -2.380892437156162944e-01 3.994245417383985308e-01
5.230977868707735734e-01 -2.363891572939537666e-01 3.972051572194728597e-01
5.194540485575376287e-01 -2.346895310979585092e-01 3.949213970796659479e-01
5.157616211369542292e-01 -2.330074382013687939e-01 3.927248975565088007e-01
5.121296904303368480e-01 -2.313246877166884874e-01 3.904549639096480118e-01
5.084438441712558765e-01 -2.296604008883187942e-01 3.882804789138097346e-01
5.046956270113053256e-01 -2.280161212044997388e-01 3.862144936290040076e-01
5.009447650021804366e-01 -2.263818437352800028e-01 3.841689929842587170e-01
4.971215428714688689e-01 -2.247694513902060154e-01 3.822477162967418685e-01
4.933723360546559134e-01 -2.231540472478985571e-01 3.802334841000750143e-01
4.896288093642522377e-01 -2.215472134700125773e-01 3.782277652683967428e-01
4.858928272206917698e-01 -2.199486139962394116e-01 3.762278753477166227e-01
4.821660456453282784e-01 -2.183579439248133913e-01 3.742314247432555474e-01
4.784499290239499492e-01 -2.167749274002413462e-01 3.722362962540408660e-01
4.747457665813981653e-01 -2.151993154681193232e-01 3.702406227748047396e-01
4.710546882366177801e-01 -2.136308839580063901e-01 3.682427656700466567e-01
4.673776796201293271e-01 -2.120694314372591760e-01 3.662412941617050333e-01
4.637155961234012413e-01 -2.105147772643519710e-01 3.642349659438557929e-01
4.600691759155914329e-01 -2.089667597590895154e-01 3.622227091404425225e-01
4.564390519113794564e-01 -2.074252344987571328e-01 3.602036056500608763e-01
4.528257627076392455e-01 -2.058900727431187128e-01 3.581768758702900124e-01
4.492297625296788333e-01 -2.043611599868202788e-01 3.561418647586259700e-01
4.456806195901447665e-01 -2.028331500156888845e-01 3.540537384775694907e-01
4.421147785555702425e-01 -2.013174136105768119e-01 3.520089126267363366e-01
4.385670792394149031e-01 -1.998076785378410658e-01 3.499546269471557336e-01
4.350529401980625654e-01 -1.983011124983055096e-01 3.478674184411156833e-01
4.315364906367396003e-01 -1.968041873165898847e-01 3.458019550811521348e-01
4.280386794004087947e-01 -1.953130796974396066e-01 3.437263912527656617e-01
4.245605254482864854e-01 -1.938275699572852839e-01 3.416392003071057615e-01
4.210945910915162571e-01 -1.923489916491809282e-01 3.395518044527520707e-01
4.176475281973640041e-01 -1.908760971197655254e-01 3.374540744017682226e-01
4.142060004807377460e-01 -1.894113223013645098e-01 3.353665305414044173e-01
4.107911011957797176e-01 -1.879507438314181322e-01 3.332568486473474478e-01
4.073732681505320974e-01 -1.864998210348623453e-01 3.311705459434957088e-01
4.039906064614603998e-01 -1.850514455069646180e-01 3.290490364564795933e-01
4.005966244369862927e-01 -1.836142662431829442e-01 3.269640422491116860e-01
3.972462018430343855e-01 -1.821779972278202431e-01 3.248309511129457983e-01
3.938761937230011445e-01 -1.807544614931377303e-01 3.227473914337273264e-01
3.905579530255001708e-01 -1.793302170106611526e-01 3.206030663488450005e-01
3.872120149449104209e-01 -1.779202322010841608e-01 3.185211162630617321e-01
3.839258519055023244e-01 -1.765079427811295509e-01 3.163659896901291346e-01
3.806040589140916586e-01 -1.751114227489989628e-01 3.142858650757154870e-01
3.772313441527899713e-01 -1.737336465691258214e-01 3.123048933485990108e-01
3.738197226721567401e-01 -1.723723913653315010e-01 3.104047704645974681e-01
3.704714050533472469e-01 -1.710081042480721680e-01 3.084263760803580001e-01
3.670792731936698416e-01 -1.696612958167604823e-01 3.065368417821826008e-01
3.636984429636227478e-01 -1.683214015820777287e-01 3.046503576129280244e-01
3.603759692417023430e-01 -1.669793107459107973e-01 3.026933565698459172e-01
3.570152006669548572e-01 -1.656536657673569890e-01 3.008171430423139947e-01
3.536660559706930607e-01 -1.643348254052026669e-01 2.989437501997403435e-01
3.503700556730695581e-01 -1.630146927333119278e-01 2.970080721929536649e-01
3.470415168811314954e-01 -1.617099092460042853e-01 2.951446739609753234e-01
3.437249008900507552e-01 -1.604118253018219087e-01 2.932839030188182372e-01
3.404560010307875473e-01 -1.591134129620142279e-01 2.913694802878215029e-01
3.371605112702171780e-01 -1.578291981464319815e-01 2.895184647065552341e-01
3.338772231934625245e-01 -1.565515818501141132e-01 2.876699145882912201e-01
3.306360485862657184e-01 -1.552746522937904217e-01 2.857766816643748653e-01
3.273743865470275516e-01 -1.540107215560672094e-01 2.839376798680891545e-01
3.241251879289924753e-01 -1.527532919471722150e-01 2.821010092957954019e-01
3.209123614372358380e-01 -1.514976079026507660e-01 2.802289027905114915e-01
3.176852711365164561e-01 -1.502536840393556006e-01 2.784016016523030990e-01
3.144708913911334891e-01 -1.490161671710051872e-01 2.765765215593093407e-01
3.112870341222233050e-01 -1.477814916320940308e-01 2.747254799894031652e-01
3.080952300718657888e-01 -1.465573040714575892e-01 2.729096149952506822e-01
3.049163713377722740e-01 -1.453394322879391354e-01 2.710958818075298593e-01
3.017621027883775620e-01 -1.441255284984431229e-01 2.692658454519909483e-01
2.986062745249475903e-01 -1.429208126127512468e-01 2.674611943961932581e-01
2.954636159195615508e-01 -1.417223238954344322e-01 2.656586040920707603e-01
2.923395540774533785e-01 -1.405289553300972383e-01 2.638495148772193044e-01
2.892203701295030793e-01 -1.393434518137280920e-01 2.620558922917683442e-01
2.861145714733809853e-01 -1.381640891897900347e-01 2.602642751556369372e-01
2.830213328809212947e-01 -1.369910195320235557e-01 2.584760765644691372e-01
2.799394442412821982e-01 -1.358244738396227058e-01 2.566933288014916492e-01
2.768711493173710014e-01 -1.346639848481725743e-01 2.549125447940574496e-01
2.738165099678006031e-01 -1.335095256961148502e-01 2.531337214942202540e-01
2.707653922652175082e-01 -1.323631398042364182e-01 2.513731826897298016e-01
2.677352316710340241e-01 -1.312212760146504453e-01 2.496031173643417089e-01
2.647189268541442764e-01 -1.300853605207673847e-01 2.478349876036491928e-01
2.617000831661532301e-01 -1.289587188028041564e-01 2.460951834036225749e-01
2.587086768107300649e-01 -1.278352353803856034e-01 2.443357443051434319e-01
2.557313221636479672e-01 -1.267176202868944834e-01 2.425782249873411622e-01
2.527453642669278411e-01 -1.256104870342740487e-01 2.408591040603351718e-01
2.497933235586603518e-01 -1.245051423486953079e-01 2.391102175495792848e-01
2.468555271670463402e-01 -1.234055874321513674e-01 2.373632430134437199e-01
2.439030654259760622e-01 -1.223177270039778053e-01 2.356647552701657544e-01
2.409909951923279725e-01 -1.212302822763214466e-01 2.339263637230318271e-01
2.380933593957328953e-01 -1.201485500124795519e-01 2.321898831059274748e-01
2.352102128534851455e-01 -1.190725062534886414e-01 2.304553270309677437e-01
2.323035028514887634e-01 -1.180099457828776149e-01 2.287840390302154914e-01
2.294466258326511576e-01 -1.169458010446040169e-01 2.270580139412452236e-01
2.266044258240857701e-01 -1.158872691006084671e-01 2.253339203674628310e-01
2.237326485107499208e-01 -1.148434281210610197e-01 2.236831247463234584e-01
2.209171256992776000e-01 -1.137966379060012106e-01 2.219675272111507891e-01
2.181164668230659298e-01 -1.127553857218090566e-01 2.202538725191208191e-01
2.152802275781985908e-01 -1.117300286008140048e-01 2.186235232365601466e-01
2.125066528957284540e-01 -1.107003617858472733e-01 2.169183338802820882e-01
2.097481287919590875e-01 -1.096761590829722216e-01 2.152151022643531697e-01
2.070047090167777548e-01 -1.086573979768244574e-01 2.135138485008574727e-01
2.042169981446532168e-01 -1.076562771809762148e-01 2.119103608750580459e-01
2.015012025491735026e-01 -1.066488952476451618e-01 2.102175428265313784e-01
1.988006983298324926e-01 -1.056468820746093301e-01 2.085267215825729603e-01
1.960499508841632155e-01 -1.046636914313713723e-01 2.069435481474592997e-01
1.933774785797072737e-01 -1.036729029332798813e-01 2.052611391082702075e-01
1.907204855403794308e-01 -1.026874110003244134e-01 2.035807478402042736e-01
1.880790262647634714e-01 -1.017071938696475913e-01 2.019023969479136760e-01
1.853787486332143797e-01 -1.007474930999985446e-01 2.003458452282903812e-01
1.827658647031193406e-01 -9.977829685437676621e-02 1.986758846334309714e-01
1.801687042690676144e-01 -9.881430405031282893e-02 1.970079875140776648e-01
1.775068071656050184e-01 -9.787197856750712299e-02 1.954716223185051782e-01
1.749386333507826075e-01 -9.691885345190941192e-02 1.938120953243434585e-01
1.723863745122211077e-01 -9.597086091217316151e-02 1.921546557745963113e-01
1.698500868457231971e-01 -9.502797978904733989e-02 1.904993275580871281e-01
1.672405937669507459e-01 -9.410839597887277197e-02 1.889893474010965191e-01
1.647338434171322086e-01 -9.317618046049450098e-02 1.873423701609752134e-01
1.622432587610465604e-01 -9.224900615665357351e-02 1.856975289475250035e-01
1.596735541793123658e-01 -9.134624066741141302e-02 1.842076107752961267e-01
1.572129240365767178e-01 -9.042957963836759094e-02 1.825711007535051056e-01
1.547686566512840034e-01 -8.951789001935327172e-02 1.809367514731297089e-01
1.523408107218358343e-01 -8.861115116234125066e-02 1.793045872448323919e-01
1.498254371846684530e-01 -8.773037603112492089e-02 1.778408177952258973e-01
1.474281071483977690e-01 -8.683394955004197779e-02 1.762169645592838452e-01
1.450473997670814474e-01 -8.594240458785951109e-02 1.745953207824144371e-01
1.425732125574310782e-01 -8.507788758365618376e-02 1.731514903138216266e-01
1.402234464485197507e-01 -8.419650320537119814e-02 1.715381358045132143e-01
1.378905075068964647e-01 -8.331993144856884859e-02 1.699270145539224508e-01
1.355744576879565899e-01 -8.244815213687342603e-02 1.683181506934075811e-01
1.331565214716102230e-01 -8.160486946618772386e-02 1.669002297379184874e-01
1.308719884003505252e-01 -8.074305066457523883e-02 1.652996308853853791e-01
1.286045542105596906e-01 -7.988595593784258986e-02 1.637013121680730710e-01
1.263542830991568611e-01 -7.903356539552469640e-02 1.621052974545325043e-01
1.239937096081518419e-01 -7.821108088752877496e-02 1.607131273530994497e-01
1.217755409224419300e-01 -7.736845123456359552e-02 1.591253498869407423e-01
1.195747510203389319e-01 -7.653045793974973254e-02 1.575398977971599057e-01
1.172575523572115669e-01 -7.572334027307166260e-02 1.561674556752467302e-01
1.150893085535860533e-01 -7.489495656439891513e-02 1.545902122578605153e-01
1.129386639302147888e-01 -7.407114175599741057e-02 1.530153143327108445e-01
1.108056872243491087e-01 -7.325187648529414564e-02 1.514427850666315578e-01
1.085477643283431493e-01 -7.246478974950699981e-02 1.500958403415002251e-01
1.064479399160227768e-01 -7.165493507600155521e-02 1.485314842914134126e-01
1.043660111429148274e-01 -7.084956312497356357e-02 1.469695152747652611e-01
1.023020498132844319e-01 -7.004865490561758279e-02 1.454099560477122022e-01
1.001045164060375969e-01 -6.928115526115179168e-02 1.440883361714581923e-01
9.807432822953354723e-02 -6.848945918850210535e-02 1.425369094735618458e-01
9.606234348603769069e-02 -6.770216079024352074e-02 1.409879091173184273e-01
9.406863741531096279e-02 -6.691924151379702312e-02 1.394413574841620596e-01
9.193261107779174268e-02 -6.617088158872153070e-02 1.381448819121496308e-01
8.997331583837468727e-02 -6.539697671213484664e-02 1.366064164899686018e-01
8.803254460878327803e-02 -6.462738582750858496e-02 1.350704145599352923e-01
8.594285763333607553e-02 -6.389314621863272092e-02 1.337933359224875995e-01
8.403698055159984637e-02 -6.313241933696157882e-02 1.322653767690935012e-01
8.214988028392868069e-02 -6.237594204828372096e-02 1.307398944844800071e-01
8.028163904708594811e-02 -6.162369676718478656e-02 1.292169109850723474e-01
7.825538135260290407e-02 -6.090780445609179916e-02 1.279646766666080737e-01
7.642270632783508544e-02 -6.016422705899161089e-02 1.264496792519115564e-01
7.460915476582265227e-02 -5.942481865410402520e-02 1.249371926427218088e-01
7.281481360619798671e-02 -5.868956242933408979e-02 1.234272388644271079e-01
7.085312038522262323e-02 -5.799155723260980555e-02 1.221996383573141082e-01
6.909504230702706584e-02 -5.726477450948068426e-02 1.206976083068616035e-01
6.735645228309020127e-02 -5.654208275002735318e-02 1.191981223761005709e-01
6.563744255823387996e-02 -5.582346612732114882e-02 1.177012031259498936e-01
6.374146304266585517e-02 -5.514288244153899704e-02 1.164980105880477207e-01
6.205944205750672793e-02 -5.443254744328904909e-02 1.150089478552561162e-01
6.039729405310428900e-02 -5.372622873270870708e-02 1.135224634007026556e-01
5.855062665566165836e-02 -5.305846127698161940e-02 1.123382398016957578e-01
5.692601980073640211e-02 -5.236027817928466666e-02 1.108595528556812482e-01
5.532159080565737796e-02 -5.166605455131716845e-02 1.093834565033396655e-01
5.373744270007529966e-02 -5.097577694937115156e-02 1.079099757430843354e-01
5.195848030498102788e-02 -5.032459890160965316e-02 1.067497646176101961e-01
5.041265917173805289e-02 -4.964227160750091933e-02 1.052840091560944963e-01
4.888744248986195279e-02 -4.896383737272110015e-02 1.038208851824648227e-01
4.738294039625576964e-02 -4.828928476271913267e-02 1.023604208428882667e-01
4.589926489175607388e-02 -4.761860305009189831e-02 1.009026457409838706e-01
4.443652983959108654e-02 -4.695178227025114531e-02 9.944759113952587881e-02
4.299485095182362798e-02 -4.628881328185484312e-02 9.799529018740757436e-02
4.157434576111256747e-02 -4.562968783243798176e-02 9.654577817535126005e-02
4.017513357458048218e-02 -4.497439862971125413e-02 9.509909282439216183e-02
3.879733540594683394e-02 -4.432293941904168200e-02 9.365527461181487323e-02
3.744107388131967529e-02 -4.367530506767886012e-02 9.221436713999162094e-02
